1e+10
5.743491774985174e+09
4.152436465385057e+09
3.2987697769322357e+09
2.7594593229224296e+09
2.384948468508759e+09
2.1082473737065024e+09
1.8946457081379974e+09
1.7242728599059553e+09
1.5848931924611135e+09
1.4685402420019796e+09
1.3697931912643547e+09
1.2848289633344696e+09
1.2108701450517395e+09
1.1458479517249858e+09
1.088188204120155e+09
1.0366707928425392e+09
9.903346988700018e+08
9.484121722721798e+08
9.102821015130401e+08
8.754363272631164e+08
8.43454880117311e+08
8.139874915455902e+08
7.867395927457514e+08
7.614615754863513e+08
7.379404583174254e+08
7.159933499747269e+08
6.95462271867977e+08
6.762100198119131e+08
6.581168286116067e+08
6.410776627949862e+08
6.249999999999999e+08
6.098020051774417e+08
5.954110172058486e+08
5.817622870401136e+08
5.687979197442274e+08
5.564659828320317e+08
5.44719751074109e+08
5.3351706391329324e+08
5.228197762956365e+08
5.1259328738433766e+08
5.0280613451589364e+08
4.934296420562553e+08
4.8443761665248823e+08
4.758060818529607e+08
4.675130462632911e+08
4.5953830037541825e+08
4.5186323799904096e+08
4.444706988740366e+08
4.3734482957731116e+08
4.304709602798999e+08
4.238354952774923e+08
4.1742581552379555e+08
4.112301916523925e+08
4.052377061879124e+08
3.9943818382862306e+08
3.938221288358055e+08
3.8838066869522846e+08
3.8310550332657886e+08
3.77988859211009e+08
3.730234478876279e+08
3.682024283389724e+08
3.635193728450131e+08
3.589682359365733e+08
3.545433261234061e+08
3.5023928011061037e+08
3.460510392504552e+08
3.4197382800573474e+08
3.3800313422612196e+08
3.341346910611457e+08
3.3036446035281724e+08
3.266886173679648e+08
3.2310353674530613e+08
3.1960577954548144e+08
3.161920813039081e+08
3.1285934099661165e+08
3.096046108382986e+08
3.0642508684002393e+08
3.033181000609835e+08
3.0028110849535775e+08
2.9731168954082614e+08
2.944075330004555e+08
2.915664345742123e+08
2.887862898004125e+08
2.860650884110732e+08
2.8340090906839806e+08
2.80791914452574e+08
2.782363466736987e+08
2.757325229830483e+08
2.732788317610403e+08
2.708737287611944e+08
2.685157335911476e+08
2.662034264133727e+08
2.6393544484968814e+08
2.6171048107495803e+08
2.5952727908656606e+08
2.5738463213732854e+08
2.552813803204942e+08
2.5321640829637367e+08
2.5118864315095794e+08
2.4919705237763017e+08
2.472406419737575e+08
2.4531845464456978e+08
2.4342956810730448e+08
2.4157309348911765e+08
2.3974817381273985e+08
2.3795398256429574e+08
2.3618972233810937e+08
2.3445462355368707e+08
2.327479432404134e+08
2.3106896388580632e+08
2.2941699234347126e+08
2.2779135879715618e+08
2.261914157775601e+08
2.2461653722877207e+08
2.2306611762142864e+08
2.215395711098729e+08
2.200363307307761e+08
2.1855584764085215e+08
2.1709759039144596e+08
2.1566104423792332e+08
2.1424571048192015e+08
2.128511058446326e+08
2.1147676186944562e+08
2.1012222435230136e+08
2.0878705279831013e+08
2.074708199031972e+08
2.0617311105826467e+08
2.0489352387762904e+08
2.0363166774656698e+08
2.0238716338987368e+08
2.0115964245920193e+08
1.9994874713841024e+08
1.9875412976600614e+08
1.975754524738222e+08
1.964123868411132e+08
1.9526461356330815e+08
1.9413182213469416e+08
1.930137105443507e+08
1.9190998498469028e+08
1.9082035957199588e+08
1.897445560783822e+08
1.8868230367463544e+08
1.876333386834185e+08
1.8659740434235445e+08
1.8557425057652864e+08
1.8456363377997312e+08
1.835653166057198e+08
1.8257906776403227e+08
1.8160466182844403e+08
1.806418790492521e+08
1.7969050517413205e+08
1.7875033127555794e+08
1.778211535847254e+08
1.7690277333169466e+08
1.7599499659147954e+08
1.7509763413582662e+08
1.7421050129043886e+08
1.7333341779741046e+08
1.7246620768265182e+08
1.7160869912809348e+08
1.707607243484681e+08
1.6992211947247997e+08
1.6909272442817932e+08
1.6827238283236834e+08
1.6746094188387418e+08
1.666582522605299e+08
1.658641680197154e+08
1.6507854650231275e+08
1.6430124823994055e+08
1.6353213686533713e+08
1.6277107902576658e+08
1.6201794429933047e+08
1.6127260511406994e+08
1.605349366697516e+08
1.5980481686223128e+08
1.5908212621029827e+08
1.5836674778490487e+08
1.5765856714068976e+08
1.5695747224970928e+08
1.562633534372937e+08
1.5557610331994852e+08
1.5489561674522486e+08
1.542217907334867e+08
1.535545244215042e+08
1.5289371900780773e+08
1.522392776997367e+08
1.5159110566212374e+08
1.5094910996755388e+08
1.503131995481435e+08
1.4968328514878368e+08
1.4905927928179744e+08
1.4844109618295965e+08
1.478286517688331e+08
1.4722186359537387e+08
1.4662065081776205e+08
1.4602493415141645e+08
1.4543463583415103e+08
1.4484967958943543e+08
1.442699905907213e+08
1.436954954267986e+08
1.431261220681469e+08
1.425617998342488e+08
1.4200245936183304e+08
1.414480325740167e+08
1.4089845265031603e+08
1.403536539974989e+08
1.398135722212497e+08
1.3927814409862107e+08
1.3874730755124718e+08
1.3822100161929333e+08
1.3769916643611875e+08
1.3718174320362946e+08
1.3666867416829985e+08
1.3615990259784108e+08
1.3565537275849634e+08
1.351550298929433e+08
1.346588201987847e+08
1.3416669080760904e+08
1.3367858976460302e+08
1.3319446600870022e+08
1.3271426935324751e+08
1.3223795046717553e+08
1.3176546085665639e+08
1.3129675284723452e+08
1.3083177956641634e+08
1.3037049492670497e+08
1.2991285360906684e+08
1.2945881104681681e+08
1.2900832340991038e+08
1.2856134758963007e+08
1.2811784118365511e+08
1.2767776248150253e+08
1.2724107045032983e+08
1.2680772472108755e+08
1.2637768557501304e+08
1.2595091393045415e+08
1.2552737133001475e+08
1.25107019928012e+08
1.2468982247823705e+08
1.2427574232201014e+08
1.2386474337652269e+08
1.2345679012345673e+08
1.2305184759787634e+08
1.2264988137738085e+08
1.2225085757151459e+08
1.2185474281142575e+08
1.2146150423976591e+08
1.210711095008266e+08
1.2068352673090321e+08
1.2029872454888305e+08
1.1991667204704897e+08
1.1953733878209454e+08
1.1916069476634437e+08
1.1878671045917405e+08
1.184153567586248e+08
1.1804660499320717e+08
1.1768042691388911e+08
1.1731679468626383e+08
1.1695568088289213e+08
1.16597058475815e+08
1.1624090082923204e+08
1.1588718169234172e+08
1.1553587519233851e+08
1.1518695582756355e+08
1.14840398460805e+08
1.1449617831274332e+08
1.1415427095553921e+08
1.1381465230655938e+08
1.1347729862223722e+08
1.1314218649206491e+08
1.1280929283271402e+08
1.1247859488228047e+08
1.1215007019465189e+08
1.1182369663399354e+08
1.1149945236935005e+08
1.1117731586936085e+08
1.1085726589708476e+08
1.1053928150493364e+08
1.1022334202970968e+08
1.0990942708774605e+08
1.0959751657014717e+08
1.0928759063812657e+08
1.0897962971844015e+08
1.0867361449891217e+08
1.0836952592405239e+08
1.0806734519076124e+08
1.0776705374412218e+08
1.0746863327327792e+08
1.0717206570738952e+08
1.0687733321167617e+08
1.06584418183533e+08
1.0629330324872662e+08
1.0600397125766513e+08
1.057164052817418e+08
1.0543058860975012e+08
1.0514650474436936e+08
1.0486413739871803e+08
1.0458347049297455e+08
1.0430448815106323e+08
1.0402717469740397e+08
1.0375151465372463e+08
1.0347749273593417e+08
1.0320509385105589e+08
1.0293430309421839e+08
1.0266510574570422e+08
1.0239748726805389e+08
1.0213143330322458e+08
1.018669296698022e+08
1.0160396236026551e+08
1.0134251753830153e+08
1.0108258153617066e+08
1.008241408521206e+08
1.0056718214784837e+08
1.0031169224600859e+08
1.00057658127768e+08
9.980506693040438e+07
9.95539059449496e+07
9.930416261387503e+07
9.905582452881958e+07
9.880887942835818e+07
9.856331519581103e+07
9.831911985709158e+07
9.80762815785937e+07
9.783478866511604e+07
9.75946295578237e+07
9.735579283224568e+07
9.711826719630827e+07
9.688204148840256e+07
9.664710467548642e+07
9.641344585121933e+07
9.618105423413013e+07
9.59499191658165e+07
9.572003010917577e+07
9.549137664666641e+07
9.526394847859946e+07
9.503773542145945e+07
9.481272740625408e+07
9.458891447689225e+07
9.436628678858961e+07
9.41448346063013e+07
9.392454830318137e+07
9.370541835906816e+07
9.34874353589952e+07
9.327058999172737e+07
9.305487304832105e+07
9.284027542070921e+07
9.262678810030928e+07
9.24144021766546e+07
9.220310883604841e+07
9.199289936024022e+07
9.178376512512371e+07
9.157569759945643e+07
9.136868834360012e+07
9.116272900828192e+07
9.095781133337528e+07
9.075392714670153e+07
9.055106836284995e+07
9.034922698201744e+07
9.014839508886687e+07
8.994856485140352e+07
8.974972851986976e+07
8.955187842565729e+07
8.93550069802368e+07
8.915910667410448e+07
8.89641700757455e+07
8.87701898306135e+07
8.857715866012658e+07
8.83850693606787e+07
8.819391480266696e+07
8.80036879295337e+07
8.781438175682381e+07
8.762598937125663e+07
8.743850392981216e+07
8.725191865883163e+07
8.70662268531316e+07
8.688142187513213e+07
8.669749715399784e+07
8.651444618479261e+07
8.633226252764674e+07
8.61509398069372e+07
8.597047171047997e+07
8.57908519887348e+07
8.561207445402217e+07
8.543413297975138e+07
8.525702149966118e+07
8.50807340070711e+07
8.490526455414405e+07
8.473060725116032e+07
8.455675626580192e+07
8.438370582244766e+07
8.421145020147896e+07
8.403998373859553e+07
8.386930082414122e+07
8.369939590243992e+07
8.353026347114106e+07
8.33618980805747e+07
8.319429433311604e+07
8.302744688255909e+07
8.286135043349966e+07
8.269599974072683e+07
8.253138960862377e+07
8.236751489057668e+07
8.220437048839258e+07
8.204195135172515e+07
8.188025247750907e+07
8.171926890940212e+07
8.155899573723547e+07
8.139942809647161e+07
8.124056116766998e+07
8.108239017596026e+07
8.092491039052282e+07
8.076811712407678e+07
8.0612005732375e+07
8.045657161370626e+07
8.03018102084043e+07
8.014771699836384e+07
7.999428750656302e+07
7.984151729659279e+07
7.968940197219267e+07
7.953793717679277e+07
7.93871185930624e+07
7.92369419424644e+07
7.908740298481625e+07
7.89384975178565e+07
7.879022137681742e+07
7.864257043400359e+07
7.84955405983759e+07
7.834912781514132e+07
7.820332806534827e+07
7.805813736548726e+07
7.791355176709718e+07
7.776956735637636e+07
7.762618025379953e+07
7.748338661373925e+07
7.734118262409276e+07
7.719956450591357e+07
7.705852851304816e+07
7.691807093177713e+07
7.677818808046149e+07
7.663887630919337e+07
7.650013199945122e+07
7.636195156375979e+07
7.622433144535443e+07
7.608726811784957e+07
7.595075808491197e+07
7.581479787993771e+07
7.567938406573372e+07
7.554451323420317e+07
7.541018200603528e+07
7.527638703039856e+07
7.514312498463857e+07
7.501039257397915e+07
7.487818653122765e+07
7.474650361648391e+07
7.461534061685283e+07
7.448469434616075e+07
7.435456164467523e+07
7.422493937882857e+07
7.409582444094476e+07
7.39672137489697e+07
7.383910424620505e+07
7.37114929010453e+07
7.358437670671801e+07
7.345775268102762e+07
7.333161786610205e+07
7.320596932814282e+07
7.308080415717787e+07
7.295611946681783e+07
7.283191239401507e+07
7.27081800988258e+07
7.2584919764175e+07
7.246212859562431e+07
7.23398038211429e+07
7.221794269088069e+07
7.209654247694494e+07
7.197560047317906e+07
7.185511399494432e+07
7.173508037890428e+07
7.16154969828116e+07
7.149636118529758e+07
7.137767038566424e+07
7.125942200367881e+07
7.114161347937073e+07
7.10242422728311e+07
7.090730586401448e+07
7.079080175254308e+07
7.067472745751321e+07
7.055908051730421e+07
7.044385848938939e+07
7.032905895014946e+07
7.021467949468783e+07
7.01007177366485e+07
6.998717130803575e+07
6.987403785903607e+07
6.976131505784225e+07
6.964900059047931e+07
6.95370921606327e+07
6.94255874894783e+07
6.931448431551462e+07
6.920378039439659e+07
6.90934734987717e+07
6.898356141811763e+07
6.887404195858203e+07
6.876491294282407e+07
6.865617220985763e+07
6.854781761489663e+07
6.843984702920178e+07
6.833225833992927e+07
6.822504944998117e+07
6.811821827785744e+07
6.801176275750968e+07
6.79056808381966e+07
6.779997048434094e+07
6.769462967538811e+07
6.75896564056666e+07
6.748504868424952e+07
6.738080453481808e+07
6.727692199552648e+07
6.717339911886819e+07
6.7070233971543916e+07
6.696742463433088e+07
6.686496920195361e+07
6.676286578295616e+07
6.6661112499575734e+07
6.6559707487617716e+07
6.645864889633206e+07
6.635793488829099e+07
6.6257563639268205e+07
6.615753333811921e+07
6.6057842186663054e+07
6.595848839956536e+07
6.585947020422263e+07
6.576078584064772e+07
6.566243356135671e+07
6.556441163125686e+07
6.546671832753584e+07
6.5369351939552136e+07
6.5272310768726684e+07
6.517559312843561e+07
6.5079197343904026e+07
6.498312175210137e+07
6.488736470163717e+07
6.479192455265868e+07
6.4696799676749066e+07
6.460198845682675e+07
6.450748928704622e+07
6.441330057269933e+07
6.4319420730118e+07
6.42258481865779e+07
6.413258138020303e+07
6.4039618759871334e+07
6.3946958785121456e+07
6.3854599926060274e+07
6.376254066327143e+07
6.367077948772509e+07
6.357931490068813e+07
6.348814541363572e+07
6.339726954816368e+07
6.3306685835901536e+07
6.321639281842687e+07
6.3126389047180235e+07
6.3036673083381e+07
6.294724349794418e+07
6.285809887139808e+07
6.276923779380267e+07
6.268065886466898e+07
6.2592360692879096e+07
6.250434189660717e+07
6.241660110324118e+07
6.23291369493054e+07
6.224194808038375e+07
6.215503315104391e+07
6.206839082476209e+07
6.198201977384881e+07
6.18959186793751e+07
6.1810086231099725e+07
6.1724521127396986e+07
6.163922207518524e+07
6.1554187789856255e+07
6.146941699520519e+07
6.13849084233612e+07
6.130066081471885e+07
6.121667291787021e+07
6.113294348953753e+07
6.1049471294506624e+07
6.096625510556101e+07
6.088329370341646e+07
6.080058587665651e+07
6.071813042166832e+07
6.063592614257935e+07
6.055397185119455e+07
6.047226636693423e+07
6.039080851677251e+07
6.030959713517635e+07
6.0228631064045236e+07
6.014790915265135e+07
6.00674302575804e+07
5.998719324267313e+07
5.990719697896703e+07
5.9827440344639055e+07
5.974792222494856e+07
5.9668641512181036e+07
5.958959710559213e+07
5.951078791135241e+07
5.943221284249261e+07
5.935387081884932e+07
5.9275760767011255e+07
5.919788162026601e+07
5.912023231854743e+07
5.904281180838327e+07
5.8965619042843536e+07
5.8888652981489256e+07
5.881191259032168e+07
5.873539684173202e+07
5.865910471445174e+07
5.858303519350306e+07
5.85071872701502e+07
5.8431559941851e+07
5.835615221220882e+07
5.828096309092518e+07
5.820599159375257e+07
5.813123674244795e+07
5.805669756472645e+07
5.7982373094215624e+07
5.790826237041015e+07
5.7834364438626885e+07
5.776067834996029e+07
5.7687203161238514e+07
5.7613937934979446e+07
5.754088173934767e+07
5.74680336481114e+07
5.739539274060008e+07
5.732295810166225e+07
5.725072882162379e+07
5.717870399624657e+07
5.7106882726687565e+07
5.7035264119458154e+07
5.6963847286383964e+07
5.689263134456499e+07
5.682161541633605e+07
5.675079862922771e+07
5.668018011592744e+07
5.6609759014241196e+07
5.65395344670553e+07
5.646950562229872e+07
5.639967163290562e+07
5.63300316567783e+07
5.626058485675045e+07
5.6191330400550686e+07
5.6122267460766524e+07
5.605339521480854e+07
5.5984712844874926e+07
5.591621953791638e+07
5.5847914485601194e+07
5.577979688428089e+07
5.57118659349558e+07
5.564412084324125e+07
5.5576560819333985e+07
5.550918507797875e+07
5.544199283843531e+07
5.5374983324445665e+07
5.530815576420172e+07
5.524150939031294e+07
5.517504343977458e+07
5.5108757153935954e+07
5.504264977846928e+07
5.497672056333844e+07
5.491096876276828e+07
5.484539363521399e+07
5.4779994443330996e+07
5.471477045394475e+07
5.4649720938021146e+07
5.458484517063695e+07
5.45201424309506e+07
5.4455612002173185e+07
5.4391253171539724e+07
5.4327065230280675e+07
5.426304747359372e+07
5.4199199200615644e+07
5.413551971439474e+07
5.4072008321863115e+07
5.400866433380945e+07
5.3945487064852e+07
5.388247583341163e+07
5.381962996168527e+07
5.375694877561959e+07
5.369443160488472e+07
5.3632077782848366e+07
5.356988664655005e+07
5.35078575366757e+07
5.344598979753215e+07
5.338428277702233e+07
5.332273582662016e+07
5.326134830134599e+07
5.32001195597421e+07
5.3139048963848494e+07
5.307813587917877e+07
5.301737967469635e+07
5.29567797227907e+07
5.289633539925403e+07
5.283604608325786e+07
5.277591115733007e+07
5.271593000733193e+07
5.2656102022435434e+07
5.259642659510076e+07
5.253690312105406e+07
5.2477530999265134e+07
5.241830963192556e+07
5.235923842442694e+07
5.230031678533925e+07
5.224154412638943e+07
5.218291986244006e+07
5.2124443411468394e+07
5.2066114194545366e+07
5.200793163581489e+07
5.194989516247322e+07
5.1892004204748586e+07
5.183425819588101e+07
5.177665657210209e+07
5.171919877261521e+07
5.166188423957568e+07
5.160471241807122e+07
5.1547682756102435e+07
5.149079470456361e+07
5.143404771722351e+07
5.1377441250706404e+07
5.132097476447329e+07
5.126464772080317e+07
5.1208459584774494e+07
5.115240982424683e+07
5.109649790984265e+07
5.104072331492906e+07
5.098508551560011e+07
5.092958399065878e+07
5.0874218221599385e+07
5.0818987692590006e+07
5.076389189045523e+07
5.0708930304658696e+07
5.06541024272861e+07
5.059940775302819e+07
5.054484577916389e+07
5.0490416005543604e+07
5.0436117934572585e+07
5.0381951071194485e+07
5.032791492287508e+07
5.027400899958596e+07
5.02202328137885e+07
5.016658588041794e+07
5.0113067716867484e+07
5.005967784297261e+07
5.000641578099547e+07
4.995328105560947e+07
4.9900273193883836e+07
4.984739172526846e+07
4.9794636181578726e+07
4.974200609698051e+07
4.968950100797538e+07
4.9637120453385666e+07
4.9584863974339984e+07
4.9532731114258505e+07
4.9480721418838665e+07
4.942883443604076e+07
4.9377069716073744e+07
4.9325426811381094e+07
4.92739052766269e+07
4.9222504668681845e+07
4.917122454660946e+07
4.9120064471652485e+07
4.906902400721916e+07
4.901810271886992e+07
4.896730017430383e+07
4.8916615943345405e+07
4.886604959793143e+07
4.881560071209781e+07
4.876526886196667e+07
4.8715053625733405e+07
4.866495458365386e+07
4.861497131803174e+07
4.8565103413205944e+07
4.8515350455537975e+07
4.846571203339968e+07
4.841618773716079e+07
4.8366777159176804e+07
4.831747989377675e+07
4.826829553725113e+07
4.821922368784004e+07
4.817026394572125e+07
4.812141591299833e+07
4.807267919368916e+07
4.8024053393714026e+07
4.797553812088432e+07
4.792713298489103e+07
4.7878837597293325e+07
4.783065157150728e+07
4.778257452279476e+07
4.773460606825221e+07
4.768674582679966e+07
4.7638993419169776e+07
4.7591348467896946e+07
4.754381059730653e+07
4.749637943350407e+07
4.744905460436475e+07
4.740183573952275e+07
4.7354722470360756e+07
4.73077144299996e+07
4.726081125328788e+07
4.7214012576791674e+07
4.7167318038784415e+07
4.712072727923672e+07
4.707423993980637e+07
4.7027855663828276e+07
4.69815740963047e+07
4.693539488389528e+07
4.6889317674907364e+07
4.684334211928629e+07
4.6797467868605725e+07
4.675169457605817e+07
4.670602189644546e+07
4.6660449486169256e+07
4.661497700322182e+07
4.656960410717664e+07
4.652433045917925e+07
4.6479155721938e+07
4.64340795597151e+07
4.638910163831742e+07
4.634422162508765e+07
4.629943918889537e+07
4.625475400012811e+07
4.621016573068275e+07
4.616567405395667e+07
4.612127864483908e+07
4.607697917970251e+07
4.603277533639423e+07
4.598866679422773e+07
4.59446532339744e+07
4.590073433785507e+07
4.585690978953172e+07
4.581317927409935e+07
4.576954247807759e+07
4.572599908940278e+07
4.5682548797419704e+07
4.563919129287371e+07
4.559592626790266e+07
4.555275341602906e+07
4.550967243215223e+07
4.5466683012540385e+07
4.5423784854823016e+07
4.538097765798314e+07
4.533826112234964e+07
4.5295634949589685e+07
4.525309884270119e+07
4.5210652506005354e+07
4.516829564513919e+07
4.512602796704812e+07
4.5083849179978676e+07
4.504175899347123e+07
4.4999757118352644e+07
4.495784326672923e+07
4.491601715197951e+07
4.487427848874715e+07
4.4832626992933914e+07
4.479106238169266e+07
4.4749584373420425e+07
4.470819268775142e+07
4.466688704555032e+07
4.4625667168905295e+07
4.458453278112142e+07
4.454348360671374e+07
4.450251937140079e+07
4.446163980209782e+07
4.4420844626910314e+07
4.438013357512735e+07
4.4339506377215214e+07
4.429896276481078e+07
4.425850247071527e+07
4.421812522888773e+07
4.417783077443882e+07
4.413761884362444e+07
4.409748917383954e+07
4.405744150361188e+07
4.401747557259582e+07
4.3977591121566355e+07
4.393778789241283e+07
4.389806562813301e+07
4.385842407282708e+07
4.381886297169161e+07
4.377938207101369e+07
4.373998111816504e+07
4.370065986159606e+07
4.366141805083023e+07
4.362225543645807e+07
4.3583171770131595e+07
4.3544166804558575e+07
4.35052402934968e+07
4.3466391991748564e+07
4.342762165515498e+07
4.3388929040590465e+07
4.335031390595725e+07
4.331177601017986e+07
4.3273315113199666e+07
4.32349309759695e+07
4.319662336044821e+07
4.315839202959546e+07
4.3120236747366264e+07
4.308215727870583e+07
4.304415338954419e+07
4.300622484679118e+07
4.296837141833106e+07
4.293059287301749e+07
4.2892888980668485e+07
4.285525951206115e+07
4.2817704238926806e+07
4.2780222933945894e+07
4.274281537074302e+07
4.270548132388203e+07
4.2668220568861015e+07
4.263103288210752e+07
4.259391804097362e+07
4.255687582373117e+07
4.251990600956692e+07
4.248300837857779e+07
4.244618271176615e+07
4.2409428791035175e+07
4.2372746399183966e+07
4.233613531990317e+07
4.229959533777016e+07
4.2263126238244556e+07
4.2226727807663605e+07
4.219039983323772e+07
4.215414210304591e+07
4.21179544060313e+07
4.208183653199681e+07
4.204578827160053e+07
4.200980941635152e+07
4.197389975860534e+07
4.193805909155975e+07
4.190228720925038e+07
4.18665839065465e+07
4.183094897914663e+07
4.179538222357449e+07
4.175988343717468e+07
4.172445241810848e+07
4.16890889653498e+07
4.165379287868096e+07
4.161856395868864e+07
4.1583402006759785e+07
4.154830682507753e+07
4.1513278216617234e+07
4.14783159851424e+07
4.144341993520075e+07
4.1408589872120254e+07
4.13738256020052e+07
4.13391269317323e+07
4.130449366894675e+07
4.126992562205849e+07
4.123542260023823e+07
4.12009844134137e+07
4.1166610872265965e+07
4.11323017882254e+07
4.109805697346822e+07
4.1063876240912594e+07
4.1029759404215e+07
4.099570627776655e+07
4.0961716676689304e+07
4.092779041683268e+07
4.089392731476984e+07
4.086012718779403e+07
4.082638985391512e+07
4.079271513185599e+07
4.075910284104901e+07
4.072555280163253e+07
4.069206483444745e+07
4.0658638761033714e+07
4.062527440362685e+07
4.05919715851546e+07
4.055873012923345e+07
4.052554986016535e+07
4.049243060293423e+07
4.0459372183202766e+07
4.042637442730902e+07
4.039343716226309e+07
4.036056021574393e+07
4.032774341609598e+07
4.029498659232599e+07
4.026228957409981e+07
4.022965219173908e+07
4.019707427621818e+07
4.0164555659160964e+07
4.013209617283765e+07
4.009969565016169e+07
4.006735392468663e+07
4.003507083060309e+07
4.000284620273555e+07
3.997067987653943e+07
3.993857168809799e+07
3.99065214741193e+07
3.987452907193324e+07
3.984259431948852e+07
3.981071705534971e+07
