1e+10
7.071067811865475e+09
5.773502691896258e+09
5e+09
4.472135954999579e+09
4.082482904638631e+09
3.779644730092272e+09
3.5355339059327374e+09
3.333333333333333e+09
3.1622776601683793e+09
3.0151134457776365e+09
2.886751345948129e+09
2.773500981126146e+09
2.6726124191242437e+09
2.581988897471611e+09
2.5e+09
2.42535625036333e+09
2.3570226039551587e+09
2.2941573387056174e+09
2.2360679774997897e+09
2.182178902359924e+09
2.1320071635561042e+09
2.0851441405707476e+09
2.0412414523193154e+09
2e+09
1.9611613513818405e+09
1.9245008972987525e+09
1.889822365046136e+09
1.8569533817705185e+09
1.8257418583505535e+09
1.796053020267749e+09
1.7677669529663687e+09
1.7407765595569785e+09
1.7149858514250882e+09
1.690308509457033e+09
1.6666666666666665e+09
1.643989873053573e+09
1.6222142113076255e+09
1.6012815380508714e+09
1.5811388300841897e+09
1.5617376188860607e+09
1.5430334996209192e+09
1.5249857033260467e+09
1.5075567228888183e+09
1.4907119849998598e+09
1.4744195615489714e+09
1.4586499149789455e+09
1.4433756729740646e+09
1.4285714285714285e+09
1.414213562373095e+09
1.4002800840280097e+09
1.386750490563073e+09
1.3736056394868903e+09
1.3608276348795433e+09
1.3483997249264843e+09
1.3363062095621219e+09
1.324532357065044e+09
1.3130643285972254e+09
1.3018891098082387e+09
1.2909944487358055e+09
1.2803687993289597e+09
1.270001270001905e+09
1.259881576697424e+09
1.25e+09
1.2403473458920846e+09
1.2309149097933273e+09
1.2216944435630522e+09
1.212678125181665e+09
1.203858530857692e+09
1.1952286093343937e+09
1.1867816581938531e+09
1.1785113019775794e+09
1.1704114719613056e+09
1.1624763874381928e+09
1.1547005383792512e+09
1.1470786693528087e+09
1.1396057645963795e+09
1.1322770341445956e+09
1.125087900926024e+09
1.1180339887498949e+09
1.1111111111111112e+09
1.1043152607484653e+09
1.0976425998969035e+09
1.091089451179962e+09
1.0846522890932808e+09
1.078327732034384e+09
1.0721125348377948e+09
1.0660035817780521e+09
1.05999788000636e+09
1.0540925533894597e+09
1.0482848367219183e+09
1.0425720702853738e+09
1.0369516947304252e+09
1.0314212462587934e+09
1.025978352085154e+09
1.0206207261596577e+09
1.0153461651336192e+09
1.0101525445522107e+09
1.0050378152592121e+09
1e+09
9.950371902099892e+08
9.901475429766744e+08
9.853292781642932e+08
9.805806756909202e+08
9.759000729485333e+08
9.712858623572642e+08
9.667364890456635e+08
9.622504486493763e+08
9.578262852211514e+08
9.534625892455924e+08
9.49157995752499e+08
9.44911182523068e+08
9.407208683835973e+08
9.36585811581694e+08
9.325048082403138e+08
9.284766908852593e+08
9.245003270420485e+08
9.205746178983234e+08
9.166984970282114e+08
9.128709291752768e+08
9.090909090909091e+08
9.053574604251853e+08
9.016696346674323e+08
8.980265101338745e+08
8.944271909999158e+08
8.90870806374748e+08
8.873565094161139e+08
8.838834764831843e+08
8.804509063256239e+08
8.770580193070294e+08
8.737040566610379e+08
8.703882797784892e+08
8.6710996952412e+08
8.638684255813601e+08
8.606629658238704e+08
8.574929257125441e+08
8.54357657716761e+08
8.512565307587485e+08
8.48188929679971e+08
8.451542547285165e+08
8.42151921066519e+08
8.39181358296689e+08
8.362420100070908e+08
8.333333333333333e+08
8.304547985373998e+08
8.27605888602368e+08
8.247860988423225e+08
8.219949365267864e+08
8.192319205190406e+08
8.164965809277261e+08
8.137884587711594e+08
8.111071056538128e+08
8.084520834544433e+08
8.058229640253803e+08
8.032193289024988e+08
8.006407690254357e+08
7.980868844676222e+08
7.9555728417573e+08
7.930515857181442e+08
7.905694150420948e+08
7.881104062391006e+08
7.856742013183861e+08
7.832604499879574e+08
7.808688094430304e+08
7.78498944161523e+08
7.761505257063328e+08
7.738232325341368e+08
7.715167498104596e+08
7.692307692307693e+08
7.669649888473704e+08
7.647191129018725e+08
7.624928516630234e+08
7.602859212697055e+08
7.580980435789033e+08
7.559289460184544e+08
7.537783614444091e+08
7.51646028002829e+08
7.495316889958614e+08
7.474350927519358e+08
7.453559924999299e+08
7.432941462471664e+08
7.412493166611012e+08
7.392212709545728e+08
7.372097807744857e+08
7.352146220938077e+08
7.332355751067665e+08
7.312724241271306e+08
7.293249574894727e+08
7.273929674533079e+08
7.254762501100116e+08
7.235746052924216e+08
7.216878364870323e+08
7.198157507486945e+08
7.179581586177381e+08
7.16114874039433e+08
7.142857142857143e+08
7.124704998790965e+08
7.106690545187016e+08
7.088812050083358e+08
7.071067811865475e+08
7.053456158585982e+08
7.035975447302918e+08
7.018624063435965e+08
7.001400420140048e+08
6.984302957695781e+08
6.967330142916176e+08
6.95048046856916e+08
6.933752452815365e+08
6.917144638660747e+08
6.900655593423542e+08
6.884283908215142e+08
6.868028197434452e+08
6.851887098275317e+08
6.835859270246633e+08
6.819943394704735e+08
6.804138174397717e+08
6.788442333021307e+08
6.772854614785964e+08
6.75737378399486e+08
6.741998624632422e+08
6.726727939963125e+08
6.711560552140243e+08
6.696495301824251e+08
6.681531047810609e+08
6.666666666666666e+08
6.651901052377393e+08
6.63723311599972e+08
6.62266178532522e+08
6.608186004550898e+08
6.59380473395787e+08
6.57951694959769e+08
6.565321642986127e+08
6.551217820804183e+08
6.537204504606134e+08
6.523280730534422e+08
6.509445549041194e+08
6.495698024616308e+08
6.482037235521644e+08
6.468462273531508e+08
6.454972243679028e+08
6.441566264008309e+08
6.42824346533225e+08
6.415002990995841e+08
6.401843996644799e+08
6.388765649999399e+08
6.375767130633382e+08
6.362847629757777e+08
6.350006350009525e+08
6.33724250524478e+08
6.324555320336758e+08
6.311944030978031e+08
6.29940788348712e+08
6.286946134619315e+08
6.274558051381586e+08
6.262242910851495e+08
6.25e+08
6.237828615518054e+08
6.225728063646903e+08
6.213697660012001e+08
6.201736729460423e+08
6.189844605901729e+08
6.178020632152154e+08
6.166264159782073e+08
6.154574548966637e+08
6.142951168339511e+08
6.131393394849658e+08
6.119900613621047e+08
6.108472217815261e+08
6.097107608496923e+08
6.085806194501846e+08
6.074567392307869e+08
6.063390625908325e+08
6.052275326688025e+08
6.04122093330177e+08
6.030226891555271e+08
6.01929265428846e+08
6.008417681261097e+08
5.997601439040673e+08
5.986843400892496e+08
5.976143046671969e+08
5.965499862718936e+08
5.954913341754136e+08
5.94438298277764e+08
5.933908290969266e+08
5.923488777590923e+08
5.913123959890826e+08
5.902813361009552e+08
5.892556509887897e+08
5.88235294117647e+08
5.872202195147035e+08
5.862103817605492e+08
5.852057359806528e+08
5.84206237836986e+08
5.832118435198042e+08
5.822225097395821e+08
5.812381937190964e+08
5.802588531856594e+08
5.792844463634923e+08
5.783149319662402e+08
5.773502691896256e+08
5.76390417704235e+08
5.75435337648436e+08
5.74484989621426e+08
5.735393346764044e+08
5.725983343138683e+08
5.716619504750295e+08
5.707301455353496e+08
5.698028822981898e+08
5.688801239885743e+08
5.679618342470648e+08
5.670479771237427e+08
5.661385170722978e+08
5.652334189442215e+08
5.643326479831003e+08
5.63436169819011e+08
5.62543950463012e+08
5.616559563017304e+08
5.607721540920444e+08
5.598925109558543e+08
5.590169943749474e+08
5.581455721859477e+08
5.572782125753528e+08
5.564148840746572e+08
5.555555555555556e+08
5.547001962252291e+08
5.538487756217113e+08
5.53001263609331e+08
5.521576303742326e+08
5.513178464199712e+08
5.504818825631803e+08
5.496497099293127e+08
5.488212999484518e+08
5.47996624351191e+08
5.471756551645827e+08
5.463583647081531e+08
5.45544725589981e+08
5.447347107028433e+08
5.439282932204212e+08
5.431254465935684e+08
5.423261445466404e+08
5.415303610738823e+08
5.407380704358752e+08
5.399492471560388e+08
5.39163866017192e+08
5.383819020581656e+08
5.376033305704703e+08
5.36828127095019e+08
5.360562674188974e+08
5.352877275721892e+08
5.345224838248487e+08
5.337605126836238e+08
5.3300179088902605e+08
5.3224629541234946e+08
5.3149400345273393e+08
5.307448924342752e+08
5.2999894000318e+08
5.292561240249631e+08
5.285164225816899e+08
5.277798139692595e+08
5.2704627669472986e+08
5.263157894736842e+08
5.2558833122763675e+08
5.24863881081478e+08
5.241424183609592e+08
5.234239225902138e+08
5.227083734893167e+08
5.2199575097188056e+08
5.212860351426869e+08
5.2057920629535353e+08
5.198752449100364e+08
5.19174131651165e+08
5.184758473652126e+08
5.177803730784977e+08
5.1708768999501914e+08
5.1639777949432224e+08
5.157106231293967e+08
5.1502620262460476e+08
5.143444998736397e+08
5.136654969375141e+08
5.12989176042577e+08
5.1231551957855994e+08
5.1164451009665084e+08
5.10976130307596e+08
5.1031036307982886e+08
5.096471914376256e+08
5.0898659855928767e+08
5.0832856777534896e+08
5.076730825668096e+08
5.0702012656339383e+08
5.0636968354183334e+08
5.057217374241736e+08
5.0507627227610534e+08
5.0443327230531824e+08
5.0379272185987836e+08
5.0315460542662764e+08
5.0251890762960607e+08
5.018856132284956e+08
5.012547071170855e+08
5.0062617432175887e+08
5e+08
4.9937616943892235e+08
4.9875466805381644e+08
4.9813548138671786e+08
4.975185951049946e+08
4.9690399499995327e+08
4.9629166698546505e+08
4.9568159709660965e+08
4.950737714883372e+08
4.944681764341487e+08
4.9386479832479477e+08
4.9326362366699004e+08
4.926646390821466e+08
4.920678313051229e+08
4.914731871829905e+08
4.90880693673816e+08
4.902903378454601e+08
4.8970210687439173e+08
4.8911598804451853e+08
4.8853196874603146e+08
4.8795003647426665e+08
4.873701788285793e+08
4.867923835112355e+08
4.8621663832631516e+08
4.856429311786321e+08
4.850712500726659e+08
4.845015831115092e+08
4.8393391849582726e+08
4.8336824452283174e+08
4.828045495852676e+08
4.822428221704121e+08
4.81683050859088e+08
4.8112522432468814e+08
4.805693313322127e+08
4.800153607373193e+08
4.794633014853841e+08
4.789131426105757e+08
4.783648732349399e+08
4.778184825674966e+08
4.772739599033477e+08
4.767312946227962e+08
4.761904761904762e+08
4.7565149415449405e+08
4.751143381455799e+08
4.745789978762495e+08
4.740454631399772e+08
4.7351372381037843e+08
4.729837698404021e+08
4.72455591261534e+08
4.7192917818300873e+08
4.7140452079103166e+08
4.708816093480111e+08
4.703604341917986e+08
4.698409857349396e+08
4.693232544639321e+08
4.688072309384954e+08
4.68292905790847e+08
4.67780269724988e+08
4.6726931351599777e+08
4.667600280093366e+08
4.662524041201569e+08
4.6574643283262235e+08
4.6524210519923544e+08
4.647394123401731e+08
4.6423834544262964e+08
4.637388957601683e+08
4.632410546120795e+08
4.6274481338274753e+08
4.622501635210242e+08
4.617570965396102e+08
4.612656040144425e+08
4.607756775840914e+08
4.602873089491617e+08
4.5980048987170285e+08
4.593152121746254e+08
4.588314677411235e+08
4.583492485141057e+08
4.578685464956301e+08
4.5738935374634826e+08
4.569116623849538e+08
4.564354645876384e+08
4.559607525875532e+08
4.554875186742769e+08
4.5501575519329005e+08
4.5454545454545456e+08
4.5407660918649983e+08
4.5360921162651443e+08
4.531432544294438e+08
4.5267873021259266e+08
4.5221563164613456e+08
4.5175395145262563e+08
4.512936824065242e+08
4.5083481733371615e+08
4.5037734911104494e+08
4.4992127066584754e+08
4.4946657497549474e+08
4.4901325506693727e+08
4.485613040162566e+08
4.4811071494822085e+08
4.476614810358452e+08
4.472135954999579e+08
4.467670516087703e+08
4.463218426774518e+08
4.458779620677098e+08
4.45435403187374e+08
4.4499415948998475e+08
4.4455422447438705e+08
4.4411559168432754e+08
4.436782547080569e+08
4.4324220717793626e+08
4.428074427700476e+08
4.4237395520380884e+08
4.4194173824159217e+08
4.4151078568834794e+08
4.410810913912309e+08
4.4065264923923177e+08
4.4022545316281193e+08
4.397994971335425e+08
4.3937477516374683e+08
4.389512813061471e+08
4.385290096535147e+08
4.3810795433832353e+08
4.3768810953240854e+08
4.3726946944662607e+08
4.3685202833051896e+08
4.3643578047198474e+08
4.360207201969474e+08
4.356068418690321e+08
4.351941398892446e+08
4.347826086956522e+08
4.343722427630694e+08
4.339630366027462e+08
4.3355498476206e+08
4.3314808182421e+08
4.327423224079154e+08
4.3233770116711694e+08
4.3193421279068005e+08
4.315318520021031e+08
4.311306135592269e+08
4.3073049225394803e+08
4.303314829119352e+08
4.2993358039234775e+08
4.2953677958755773e+08
4.291410754228745e+08
4.2874646285627204e+08
4.2835293687811935e+08
4.279604925109129e+08
4.275691248090128e+08
4.271788288583805e+08
4.267895997763199e+08
4.264014327112208e+08
4.2601432284230494e+08
4.2562826537937427e+08
4.252432555625623e+08
4.248592886620874e+08
4.2447635997800887e+08
4.240944648399855e+08
4.2371359860703576e+08
4.233337566673017e+08
4.229549344378136e+08
4.225771273642582e+08
4.2220033092074907e+08
4.218245406095978e+08
4.2144975196108955e+08
4.210759605332595e+08
4.207031619116713e+08
4.203313517091986e+08
4.19960525565808e+08
4.195906791483445e+08
4.192218081503185e+08
4.188539082916955e+08
4.184869753186872e+08
4.181210050035454e+08
4.1775599314435685e+08
4.173919355648411e+08
4.170288281141495e+08
4.166666666666666e+08
4.1630544712181336e+08
4.159451654038515e+08
4.155858174616913e+08
4.152273992686999e+08
4.148699068225112e+08
4.1451333614483917e+08
4.1415768328129107e+08
4.13802944301184e+08
4.1344911529736155e+08
4.130961923860138e+08
4.12744171706498e+08
4.1239304942116123e+08
4.120428217151646e+08
4.116934847963091e+08
4.1134503489486355e+08
4.109974682633932e+08
4.1065078117659086e+08
4.103049699311091e+08
4.0996003084539384e+08
4.096159602595203e+08
4.09272754535029e+08
4.0893041005476534e+08
4.085889232227185e+08
4.082482904638631e+08
4.0790850822400206e+08
4.0756957296961117e+08
4.0723148118768406e+08
4.068942293855797e+08
4.0655781409087086e+08
4.062222318511938e+08
4.0588747923409945e+08
4.055535528269064e+08
4.052204492365539e+08
4.04888165089458e+08
4.045566970313674e+08
4.0422604172722167e+08
4.0389619586100966e+08
4.035671561356309e+08
4.032389192727559e+08
4.029114820126901e+08
4.025848411142373e+08
4.0225899335456485e+08
4.019339355290704e+08
4.016096644512494e+08
4.0128617695256406e+08
4.009634698823127e+08
4.00641540107502e+08
4.0032038451271784e+08
4e+08
3.9968038348871577e+08
3.993615319154358e+08
3.990434422338111e+08
3.9872611141445e+08
3.984095364447979e+08
3.980937143290165e+08
3.97778642087865e+08
3.974643167585822e+08
3.9715073539476883e+08
3.968378950662725e+08
3.965257928590721e+08
3.962144258751637e+08
3.959037912324479e+08
3.9559388606461775e+08
3.952847075210474e+08
3.949762527666821e+08
3.946685189819292e+08
3.943615033625495e+08
3.940552031195503e+08
3.937496154790788e+08
3.9344473768231684e+08
3.9314056698537576e+08
3.9283710065919304e+08
3.9253433598942983e+08
3.922322702763681e+08
3.9193090083481026e+08
3.916302249939787e+08
3.913302400974161e+08
3.9103094350288755e+08
3.907323325822818e+08
3.904344047215152e+08
3.901371573204352e+08
3.898405877927252e+08
3.895446935658099e+08
3.892494720807615e+08
3.8895492079220694e+08
3.8866103716823584e+08
3.883678186903087e+08
3.880752628531664e+08
3.877833671647406e+08
3.874921291460643e+08
3.8720154633118314e+08
3.869116162670684e+08
3.8662233651352954e+08
3.863337046431279e+08
3.860457182410915e+08
3.857583749052298e+08
3.854716722458499e+08
3.851856078856727e+08
3.849001794597505e+08
3.8461538461538464e+08
3.843312210120439e+08
3.840476863212843e+08
3.837647782266682e+08
3.834824944236852e+08
3.8320083261967367e+08
3.829197905337418e+08
3.826393658966905e+08
3.8235955645093626e+08
3.820803599504351e+08
3.8180177416060627e+08
3.8152379685825783e+08
3.812464258315117e+08
3.809696588797296e+08
3.806934938134405e+08
3.804179284542668e+08
3.8014296063485277e+08
3.798685881987932e+08
3.7959480900056165e+08
3.7932162090544075e+08
3.7904902178945166e+08
3.787770095392851e+08
3.7850558205223227e+08
3.782347372361169e+08
3.779644730092272e+08
3.77694787300249e+08
3.7742567804819864e+08
3.771571432023571e+08
3.7688918072220457e+08
3.766217885773547e+08
3.763549647474907e+08
3.7608870722230077e+08
3.758230140014145e+08
3.7555788309433985e+08
3.7529331252040076e+08
3.7502930030867463e+08
3.747658444979307e+08
3.745029431365691e+08
3.742405942825599e+08
3.7397879600338286e+08
3.737175463759679e+08
3.734568434866355e+08
3.7319668543103796e+08
3.7293707031410074e+08
3.7267799624996495e+08
3.7241946136192936e+08
3.721614637823934e+08
3.719040016528009e+08
3.716470731235832e+08
3.7139067635410374e+08
3.7113480951260275e+08
3.70879470776142e+08
3.706246583305506e+08
3.703703703703703e+08
3.701166050988026e+08
3.698633607276546e+08
3.696106354772864e+08
3.693584275765589e+08
3.691067352627811e+08
3.6885555678165877e+08
3.6860489038724285e+08
3.6835473434187865e+08
3.6810508691615516e+08
3.6785594638885486e+08
3.6760731104690385e+08
3.673591791853225e+08
3.671115491071761e+08
3.668644191235265e+08
3.6661778755338323e+08
3.663716527236558e+08
3.661260129691062e+08
3.6588086663230115e+08
3.656362120635653e+08
3.653920476209348e+08
3.651483716701107e+08
3.6490518258441335e+08
3.646624787447364e+08
3.644202585395018e+08
3.6417852036461484e+08
3.6393726262341946e+08
3.6369648372665393e+08
3.63456182092407e+08
3.63216356146074e+08
3.629770043203139e+08
3.627381250550058e+08
3.624997167972069e+08
3.622617780011092e+08
3.620243071279983e+08
3.617873026462108e+08
3.6155076303109366e+08
3.613146867649621e+08
3.6107907233705944e+08
3.6084391824351615e+08
3.6060922298730946e+08
3.603749850782235e+08
3.6014120303280985e+08
3.5990787537434727e+08
3.596750006328032e+08
3.594425773447947e+08
3.592106040535498e+08
3.5897907930886906e+08
3.587480016670876e+08
3.5851736969103736e+08
3.582871819500093e+08
3.580574370197165e+08
3.578281334822566e+08
3.5759926992607576e+08
3.573708449459316e+08
3.5714285714285713e+08
3.569153051241249e+08
3.566881875032108e+08
3.5646150289975953e+08
3.5623524993954825e+08
3.560094272544522e+08
3.5578403348241e+08
3.5555906726738894e+08
3.553345272593508e+08
3.5511041211421746e+08
3.54886720493838e+08
3.546634510659543e+08
3.544406025041679e+08
3.542181734879073e+08
3.539961627023943e+08
3.537745688386125e+08
3.5355339059327376e+08
3.533326266687867e+08
3.5311227577322435e+08
3.528923366202927e+08
3.526728079292991e+08
3.5245368842512065e+08
3.5223497683817345e+08
3.5201667190438145e+08
3.517987723651459e+08
3.5158127696731496e+08
3.513641844631533e+08
3.511474936103118e+08
3.509312031717982e+08
3.507153119159472e+08
3.504998186163908e+08
3.502847220520294e+08
3.500700210070024e+08
3.498557142706598e+08
3.4964180063753283e+08
3.494282789073061e+08
3.4921514788478905e+08
3.49002406379888e+08
3.4879005320757794e+08
3.485780871878749e+08
3.483665071458088e+08
3.4815531191139567e+08
3.479445003196105e+08
3.4773407121036047e+08
3.47524023428458e+08
3.47314355823594e+08
3.471050672503116e+08
3.468961565679801e+08
3.4668762264076823e+08
3.464794643376185e+08
3.4627168053222185e+08
3.460642701029914e+08
3.4585723193303734e+08
3.4565056491014177e+08
3.454442679267334e+08
3.4523833987986267e+08
3.450327796711771e+08
3.4482758620689654e+08
3.4462275839778876e+08
3.4441829515914536e+08
3.442141954107571e+08
3.440104580768907e+08
3.4380708208626443e+08
3.436040663720247e+08
3.434014098717226e+08
3.431991115272901e+08
3.429971702850177e+08
3.4279558509553045e+08
3.4259435491376585e+08
3.4239347869895035e+08
3.421929554145774e+08
3.419927840283847e+08
3.4179296351233166e+08
3.415934928425776e+08
3.4139437099945945e+08
3.411955969674702e+08
3.4099716973523676e+08
3.407990882954985e+08
3.406013516450858e+08
3.404039587848988e+08
3.402069087198858e+08
3.4001020045902294e+08
3.398138330152924e+08
3.396178054056622e+08
3.3942211665106535e+08
3.3922676577637917e+08
3.3903175181040525e+08
3.3883707378584856e+08
3.386427307392982e+08
3.384487217112064e+08
3.382550457458692e+08
3.3806170189140666e+08
3.37868689199743e+08
3.376760067265872e+08
3.374836535314135e+08
3.372916286774424e+08
3.370999312316211e+08
3.3690856026460457e+08
3.36717514850737e+08
3.3652679406803226e+08
3.3633639699815625e+08
3.361463227264071e+08
3.3595657034169793e+08
3.3576713893653727e+08
3.3557802760701215e+08
3.3538923545276886e+08
3.3520076157699543e+08
3.3501260508640397e+08
3.348247650912126e+08
3.3463724070512736e+08
3.344500310453256e+08
3.342631352324378e+08
3.3407655239053047e+08
3.3389028164708894e+08
3.3370432213299996e+08
3.3351867298253506e+08
3.333333333333333e+08
3.3314830232638484e+08
3.329635791060134e+08
3.327791628198609e+08
3.3259505261886966e+08
3.324112476572668e+08
3.322277470925477e+08
3.320445500854597e+08
3.31861655799986e+08
3.3167906340332973e+08
3.3149677206589794e+08
3.313147809612858e+08
3.31133089266261e+08
3.309516961607476e+08
3.307706008278112e+08
3.3058980245364314e+08
3.304093002275449e+08
3.302290933419132e+08
3.300491809922248e+08
3.2986956237702113e+08
3.296902366978935e+08
3.295112031594684e+08
3.293324609693921e+08
3.291540093383166e+08
3.289758474798845e+08
3.2879797461071455e+08
3.286203899503875e+08
3.28443092721431e+08
3.2826608214930636e+08
3.2808935746239334e+08
3.279129178919765e+08
3.277367626722311e+08
3.275608910402092e+08
3.273853022358256e+08
3.2720999550184417e+08
3.270349700838643e+08
3.268602252303067e+08
3.266857601924006e+08
3.2651157422416955e+08
3.263376665824188e+08
3.261640365267211e+08
3.2599068331940424e+08
3.258176062255373e+08
3.25644804512918e+08
3.254722774520597e+08
3.253000243161777e+08
3.2512804438117754e+08
3.2495633692564136e+08
3.247849012308154e+08
3.2461373658059776e+08
3.244428422615251e+08
3.242722175627608e+08
3.241018617760822e+08
3.239317741958685e+08
3.23761954119088e+08
3.235924008452868e+08
3.234231136765754e+08
3.23254091917618e+08
3.2308533487561923e+08
3.229168418603133e+08
3.227486121839514e+08
3.225806451612903e+08
3.224129401095805e+08
3.222454963485545e+08
3.2207831320041543e+08
3.2191138998982525e+08
3.217447260438934e+08
3.2157832069216573e+08
3.214121732666125e+08
3.212462831016178e+08
3.210806495339678e+08
3.2091527190283996e+08
3.2075014954979205e+08
3.2058528181875074e+08
3.204206680560007e+08
3.202563076101743e+08
3.200921998322399e+08
3.1992834407549196e+08
3.197647396955397e+08
3.1960138605029655e+08
3.1943828249996996e+08
3.1927542840705043e+08
3.191128231363014e+08
3.189504660547484e+08
3.187883565316691e+08
3.186264939385831e+08
3.1846487764924103e+08
3.1830350703961515e+08
3.181423814878889e+08
3.179815003744467e+08
3.1782086308186406e+08
3.1766046899489796e+08
3.1750031750047624e+08
3.173404079876884e+08
3.171807398477756e+08
3.170213124741206e+08
3.16862125262239e+08
3.167031776097682e+08
3.165444689164592e+08
3.1638599858416635e+08
3.162277660168379e+08
