1 6 4 3 5 
2 10 7 9 6 
3 1 16 13 8 
4 24 7 23 18 
5 21 23 7 13 
6 16 17 27 23 
7 18 38 24 12 
8 45 9 21 12 
9 8 3 38 39 
10 62 25 17 38 
11 35 29 31 40 
12 62 3 5 52 
13 46 35 55 3 
14 70 81 20 19 
15 58 6 59 30 
16 18 92 11 56 
17 26 69 71 43 
18 83 72 101 7 
19 33 80 13 15 
20 42 59 70 72 
21 14 39 122 99 
22 26 19 41 60 
23 30 123 17 42 
24 86 10 36 65 
25 33 120 79 10 
26 28 53 79 102 
27 40 137 74 134 
28 150 32 52 122 
29 77 55 27 10 
30 144 174 50 121 
31 135 76 8 28 
32 116 61 115 164 
33 108 21 138 144 
34 211 186 166 158 
35 67 205 58 216 
36 119 89 163 167 
37 112 80 57 186 
38 234 104 24 39 
39 49 184 104 177 
40 43 59 215 55 
41 256 234 46 187 
42 84 20 46 240 
43 259 191 126 120 
44 270 37 49 97 
45 208 42 17 22 
46 82 127 72 100 
47 282 190 114 43 
48 95 77 225 78 
49 51 111 26 41 
50 54 98 279 93 
51 251 85 143 28 
52 275 15 38 268 
53 36 256 26 308 
54 75 11 183 91 
55 307 341 264 63 
56 18 35 51 243 
57 125 93 11 285 
58 279 107 128 290 
59 47 247 91 78 
60 301 81 357 41 
61 14 105 55 130 
62 342 366 66 283 
63 272 193 236 125 
64 333 287 289 381 
65 58 94 24 379 
66 36 87 58 167 
67 314 181 267 379 
68 297 142 234 308 
69 68 73 222 377 
70 100 229 200 346 
71 225 280 331 349 
72 100 87 209 130 
73 303 295 250 129 
74 241 361 339 251 
75 172 380 199 318 
76 218 93 461 96 
77 417 67 340 20 
78 451 48 448 390 
79 257 415 14 31 
80 337 13 145 246 
81 410 454 75 16 
82 85 491 343 70 
83 54 285 314 25 
84 477 347 398 486 
85 60 34 428 52 
86 457 303 296 365 
87 76 329 528 29 
88 268 182 424 434 
89 156 266 406 362 
90 39 326 389 91 
91 119 390 349 382 
92 522 21 54 510 
93 351 327 117 360 
94 377 53 360 102 
95 188 519 16 378 
96 368 20 208 33 
97 66 261 37 465 
98 104 547 157 493 
99 124 516 48 45 
100 65 503 75 86 
101 536 28 305 623 
102 262 203 630 210 
103 603 357 337 285 
104 508 642 87 362 
105 49 560 279 209 
106 588 217 95 19 
107 505 159 299 241 
108 618 188 561 110 
109 647 545 649 317 
110 607 162 266 490 
111 213 31 430 95 
112 78 462 404 514 
113 415 253 462 456 
114 32 57 447 111 
115 289 311 106 509 
116 299 492 96 513 
117 690 263 606 76 
118 165 19 63 725 
119 445 459 602 22 
120 56 737 501 531 
121 325 469 468 591 
122 702 753 498 468 
123 248 677 241 259 
124 562 34 356 641 
125 760 278 403 297 
126 479 336 198 607 
127 73 764 113 560 
128 481 718 533 33 
129 627 778 715 787 
130 537 519 23 453 
131 69 647 281 446 
132 288 621 534 549 
133 34 803 64 74 
134 22 457 782 633 
135 346 571 745 798 
136 360 682 178 108 
137 757 127 765 637 
138 443 804 535 835 
139 25 561 191 260 
140 215 249 763 349 
141 71 461 186 44 
142 393 146 872 302 
143 212 394 94 705 
144 305 664 573 867 
145 394 50 574 839 
146 284 537 615 621 
147 363 802 291 585 
148 850 653 662 854 
149 119 762 649 381 
150 344 632 439 865 
151 720 140 645 298 
152 171 302 369 898 
153 716 134 217 689 
154 517 212 621 826 
155 110 614 45 345 
156 290 945 780 464 
157 628 293 898 568 
158 811 434 718 202 
159 777 93 531 873 
160 191 833 165 532 
161 51 40 335 30 
162 749 561 575 662 
163 839 30 657 154 
164 430 27 49 328 
165 499 991 585 219 
166 380 670 875 178 
167 46 567 301 133 
168 724 548 265 575 
169 34 704 213 671 
170 748 499 947 877 
171 466 47 944 892 
172 330 809 615 321 
173 117 908 576 642 
174 273 493 568 872 
175 969 669 735 640 
176 324 575 466 828 
177 111 803 916 999 
178 423 868 32 84 
179 42 245 36 84 
180 625 231 676 43 
181 516 422 272 740 
182 244 168 754 274 
183 558 124 354 858 
184 895 725 47 500 
185 697 545 895 644 
186 605 40 570 526 
187 886 521 847 540 
188 48 927 689 396 
189 608 415 414 793 
190 626 387 938 692 
191 61 428 867 87 
192 749 670 370 809 
193 192 928 484 503 
194 458 80 35 656 
195 969 751 429 396 
196 358 176 123 188 
197 973 115 868 433 
198 704 53 128 
199 950 977 32 651 
200 708 885 612 796 
201 949 90 275 409 
202 372 527 678 89 
203 44 183 910 974 
204 657 474 258 407 
205 127 147 566 869 
206 929 967 939 255 
207 340 364 252 432 
208 841 453 390 554 
209 385 192 276 834 
210 62 679 652 864 
211 478 866 681 373 
212 37 854 634 326 
213 580 596 798 828 
214 494 569 776 136 
215 352 918 143 832 
216 557 180 894 258 
217 64 795 580 846 
218 967 472 77 787 
219 37 544 349 187 
220 64 621 697 433 
221 995 980 602 876 
222 239 92 529 102 
223 689 961 472 684 
224 57 388 201 88 
225 152 814 332 729 
226 893 452 837 600 
227 949 539 818 395 
228 831 321 889 736 
229 923 45 361 141 
230 746 370 366 957 
231 124 88 788 83 
232 972 819 406 510 
233 481 208 695 958 
234 556 933 472 864 
235 84 103 698 832 
236 753 937 474 743 
237 973 915 205 678 
238 958 62 816 102 
239 633 545 41 66 
240 57 637 418 947 
241 554 727 670 941 
242 441 660 697 742 
243 90 82 303 591 
244 332 905 471 702 
245 170 638 888 363 
246 97 537 781 748 
247 764 244 530 47 
248 650 658 532 312 
249 590 950 641 551 
250 995 184 79 981 
251 639 571 336 771 
252 979 64 661 293 
253 437 498 844 399 
254 920 831 701 631 
255 601 728 629 784 
256 426 180 220 
257 290 230 61 195 
258 216 751 66 880 
259 791 652 810 632 
260 90 181 337 818 
261 616 793 492 744 
262 658 884 709 654 
263 884 847 860 54 
264 934 137 643 214 
265 485 747 650 245 
266 675 865 645 267 
267 391 910 235 692 
268 48 955 811 98 
269 338 792 122 44 
270 716 154 550 541 
271 289 315 53 
272 555 755 316 501 
273 44 361 350 333 
274 98 612 411 903 
275 134 176 361 938 
276 250 387 754 440 
277 713 543 440 279 
278 59 546 507 990 
279 723 105 555 898 
280 726 723 672 496 
281 904 56 61 194 
282 797 83 484 179 
283 916 113 635 151 
284 765 265 691 107 
285 112 478 63 238 
286 431 582 331 391 
287 563 198 242 82 
288 394 710 740 775 
289 896 824 719 717 
290 228 888 392 308 
291 845 683 431 960 
292 65 877 262 
293 720 63 69 50 
294 358 986 430 506 
295 255 151 345 983 
296 142 528 719 234 
297 50 592 804 882 
298 260 51 980 880 
299 139 813 390 869 
300 940 483 724 52 
301 423 92 704 256 
302 887 673 908 155 
303 259 202 559 516 
304 91 106 464 402 
305 895 942 518 927 
306 185 162 702 495 
307 99 355 113 468 
308 133 104 555 588 
309 354 834 317 705 
310 440 151 940 982 
311 307 848 866 974 
312 457 714 120 105 
313 838 722 392 946 
314 425 868 942 56 
315 69 444 842 846 
316 460 937 342 853 
317 470 490 857 870 
318 936 668 496 398 
319 911 311 258 60 
320 374 367 358 506 
321 851 849 88 444 
322 732 743 249 359 
323 578 914 953 802 
324 319 218 545 254 
325 862 243 843 376 
326 269 930 112 71 
327 875 993 861 887 
328 920 745 831 424 
329 437 609 145 505 
330 975 463 890 68 
331 959 118 359 582 
332 972 328 879 456 
333 654 785 444 857 
334 763 126 164 901 
335 849 153 207 594 
336 228 614 801 438 
337 563 961 100 717 
338 203 262 950 640 
339 905 630 646 71 
340 60 874 581 197 
341 273 418 199 130 
342 482 232 454 909 
343 432 401 67 699 
344 966 785 446 587 
345 576 578 504 491 
346 618 244 150 714 
347 908 313 698 78 
348 465 217 733 284 
349 386 495 775 504 
350 977 177 764 580 
351 648 230 227 926 
352 116 161 606 917 
353 853 609 989 702 
354 480 753 871 310 
355 399 493 530 356 
356 996 96 427 201 
357 205 946 404 851 
358 442 999 107 608 
359 83 72 955 
360 970 512 147 991 
361 383 184 252 471 
362 487 294 389 688 
363 677 521 73 407 
364 660 807 871 882 
365 344 893 810 687 
366 860 135 446 114 
367 826 969 396 
368 746 695 465 694 
369 546 450 627 901 
370 456 175 626 298 
371 919 375 790 819 
372 1000 482 738 125 
373 455 74 685 529 
374 353 989 592 359 
375 588 818 975 967 
376 140 233 483 620 
377 67 121 133 320 
378 627 769 423 272 
379 858 65 80 68 
380 822 949 590 929 
381 189 992 510 520 
382 426 322 304 990 
383 96 852 70 76 
384 583 714 850 802 
385 170 97 400 209 
386 893 988 335 567 
387 760 127 579 565 
388 951 75 487 362 
389 768 306 617 772 
390 924 673 600 516 
391 981 799 148 758 
392 785 184 249 254 
393 951 732 601 224 
394 355 323 386 280 
395 540 859 674 434 
396 731 550 987 661 
397 115 814 251 138 
398 662 806 380 760 
399 242 94 807 525 
400 105 830 528 312 
401 532 722 832 412 
402 401 559 913 425 
403 196 546 354 695 
404 242 731 835 522 
405 154 728 323 511 
406 222 374 526 398 
407 538 677 86 73 
408 779 741 514 538 
409 276 447 347 956 
410 342 473 145 637 
411 986 777 750 303 
412 416 671 756 840 
413 939 684 823 400 
414 341 443 503 221 
415 439 855 427 909 
416 382 68 917 857 
417 883 457 813 460 
418 841 726 241 368 
419 784 527 400 988 
420 931 139 718 225 
421 372 843 984 693 
422 862 170 903 
423 182 655 408 734 
424 153 742 196 224 
425 120 778 319 147 
426 712 511 131 237 
427 820 863 411 804 
428 248 581 191 195 
429 114 639 269 578 
430 904 559 550 896 
431 518 223 129 815 
432 122 353 202 841 
433 77 757 455 717 
434 728 962 988 517 
435 475 993 965 392 
436 214 714 921 901 
437 219 984 429 467 
438 221 395 851 820 
439 372 278 979 879 
440 123 792 168 740 
441 469 442 458 371 
442 943 887 709 387 
443 970 766 334 531 
444 738 753 914 866 
445 287 314 245 297 
446 124 292 99 708 
447 576 646 409 190 
448 220 253 129 340 
449 690 433 468 89 
450 421 136 273 79 
451 885 296 416 989 
452 157 300 891 572 
453 197 760 481 678 
454 653 240 81 138 
455 973 307 233 344 
456 324 181 85 269 
457 644 270 226 410 
458 839 869 706 907 
459 611 582 74 828 
460 81 970 977 376 
461 783 521 206 149 
462 324 560 343 860 
463 863 636 427 935 
464 585 453 825 958 
465 108 666 370 620 
466 276 980 216 664 
467 628 612 660 388 
468 882 169 927 605 
469 374 92 420 500 
470 619 264 956 627 
471 247 767 926 162 
472 126 833 680 829 
473 110 89 283 515 
474 535 682 788 642 
475 172 593 681 501 
476 98 906 935 411 
477 707 368 421 574 
478 644 280 219 598 
479 856 409 179 762 
480 710 488 698 770 
481 610 570 982 388 
482 201 798 868 221 
483 128 377 744 319 
484 231 380 194 655 
485 579 891 175 136 
486 964 817 838 918 
487 556 594 734 794 
488 561 391 874 817 
489 88 536 467 90 
490 730 524 173 799 
491 691 709 661 464 
492 886 82 774 306 
493 817 796 383 904 
494 872 547 783 223 
495 451 498 218 704 
496 128 662 344 642 
497 494 707 140 190 
498 829 564 377 808 
499 672 876 298 721 
500 569 403 131 101 
501 384 351 979 713 
502 836 408 764 306 
503 405 515 859 189 
504 599 992 781 698 
505 800 644 776 781 
506 543 710 261 308 
507 95 86 199 85 
508 736 233 658 135 
509 389 878 221 316 
510 131 938 238 237 
511 405 319 822 967 
512 341 622 523 514 
513 663 804 580 579 
514 934 761 768 749 
515 994 611 441 815 
516 631 985 976 952 
517 651 386 495 700 
518 389 712 94 619 
519 641 643 894 834 
520 136 727 544 220 
521 945 418 474 194 
522 883 720 957 609 
523 922 979 129 933 
524 874 632 756 912 
525 956 681 490 131 
526 336 903 374 382 
527 295 991 114 274 
528 630 397 192 640 
529 912 180 843 373 
530 836 661 454 355 
531 157 604 527 351 
532 141 180 699 214 
533 485 687 257 412 
534 918 694 546 
535 584 776 830 771 
536 788 320 315 977 
537 507 684 339 793 
538 537 647 292 600 
539 877 865 915 562 
540 378 435 101 424 
541 338 747 193 603 
542 878 587 204 622 
543 966 103 284 509 
544 845 109 216 189 
545 524 928 941 259 
546 960 839 693 426 
547 459 168 691 401 
548 237 656 208 550 
549 696 789 981 106 
550 587 511 772 514 
551 398 955 902 595 
552 520 594 362 109 
553 504 99 780 667 
554 747 664 672 532 
555 998 542 786 566 
556 897 544 326 828 
557 293 109 125 972 
558 422 460 673 177 
559 699 118 842 255 
560 678 330 755 656 
561 295 656 557 369 
562 719 808 966 830 
563 436 770 638 493 
564 754 485 997 876 
565 547 842 608 616 
566 435 399 497 651 
567 331 101 109 
568 526 628 539 370 
569 235 347 598 345 
570 313 605 708 276 
571 288 782 778 309 
572 552 680 271 690 
573 566 110 316 348 
574 525 166 899 108 
575 692 892 746 808 
576 121 507 968 167 
577 165 283 302 819 
578 643 946 116 586 
579 863 784 922 907 
580 445 260 520 123 
581 637 219 563 739 
582 769 596 584 586 
583 902 372 518 103 
584 663 479 211 473 
585 976 489 227 814 
586 905 512 384 562 
587 403 731 348 145 
588 449 352 849 422 
589 949 795 645 761 
590 327 211 888 558 
591 803 902 504 964 
592 117 458 286 169 
593 264 118 470 921 
594 962 777 270 522 
595 420 385 264 263 
596 106 227 207 438 
597 529 584 482 228 
598 824 595 543 391 
599 356 215 943 414 
600 553 872 158 111 
601 824 157 572 887 
602 278 589 287 535 
603 564 185 622 
604 812 959 257 272 
605 797 812 411 97 
606 666 779 517 402 
607 882 926 879 206 
608 832 953 738 992 
609 366 558 775 732 
610 277 121 631 368 
611 607 794 134 866 
612 172 539 724 837 
613 931 606 929 775 
614 173 419 154 144 
615 659 925 686 920 
616 315 796 297 742 
617 984 367 850 479 
618 448 658 998 338 
619 137 421 585 758 
620 288 266 965 475 
621 248 250 520 928 
622 712 703 795 459 
623 247 674 881 449 
624 321 195 910 613 
625 346 573 266 547 
626 213 931 875 399 
627 901 619 568 665 
628 769 141 674 505 
629 595 734 699 567 
630 356 103 740 591 
631 166 840 385 713 
632 850 233 997 465 
633 273 899 791 413 
634 294 606 412 394 
635 987 936 210 715 
636 483 952 467 318 
637 439 160 540 405 
638 491 553 472 933 
639 674 994 616 156 
640 917 560 905 932 
641 159 379 342 425 
642 590 404 565 614 
643 668 675 365 513 
644 892 464 325 822 
645 420 679 873 874 
646 168 574 849 847 
647 115 130 363 889 
648 200 653 183 254 
649 885 791 381 686 
650 671 915 913 577 
651 603 159 703 675 
652 282 301 767 153 
653 336 278 497 897 
654 350 855 692 107 
655 339 813 270 806 
656 452 413 676 220 
657 880 519 423 185 
658 636 345 807 397 
659 203 290 993 294 
660 833 437 712 431 
661 137 204 951 414 
662 198 856 989 739 
663 251 301 373 126 
664 353 326 624 
665 604 323 113 188 
666 895 112 300 999 
667 253 119 508 911 
668 291 829 916 230 
669 228 950 762 140 
670 739 966 196 432 
671 980 853 937 635 
672 815 827 132 232 
673 164 904 879 633 
674 318 595 862 197 
675 420 819 830 450 
676 148 426 135 968 
677 210 393 530 723 
678 961 429 998 728 
679 206 650 566 897 
680 812 590 227 835 
681 767 431 858 
682 118 835 801 703 
683 282 942 353 889 
684 231 598 277 309 
685 223 615 843 769 
686 981 646 275 564 
687 254 132 921 153 
688 230 1000 965 488 
689 826 143 902 
690 648 599 445 591 
691 271 155 260 700 
692 597 448 229 721 
693 383 285 665 281 
694 314 435 402 939 
695 404 639 750 521 
696 280 508 870 803 
697 376 987 496 937 
698 889 473 209 921 
699 578 343 805 749 
700 733 623 544 688 
701 844 258 298 161 
702 652 512 780 654 
703 181 751 845 175 
704 940 611 117 320 
705 782 533 890 
706 232 795 930 997 
707 328 487 809 
708 759 942 317 615 
709 988 742 250 779 
710 805 598 138 755 
711 952 643 701 589 
712 238 721 287 801 
713 569 148 766 200 
714 962 229 954 440 
715 271 891 347 376 
716 703 791 329 357 
717 959 171 776 485 
718 173 160 419 944 
719 870 732 782 759 
720 571 150 757 655 
721 614 486 831 524 
722 741 322 885 844 
723 844 385 894 633 
724 586 235 116 401 
725 384 265 693 716 
726 924 913 609 922 
727 217 352 947 664 
728 690 672 571 162 
729 725 917 210 894 
730 701 562 512 178 
731 246 625 816 313 
732 761 218 476 245 
733 310 248 736 996 
734 369 522 478 318 
735 466 934 853 
736 469 696 189 964 
737 579 161 212 971 
738 338 146 629 906 
739 948 461 596 406 
740 384 534 697 694 
741 187 985 470 686 
742 816 417 463 948 
743 679 748 632 548 
744 737 334 246 315 
745 717 497 797 638 
746 369 947 501 
747 331 265 224 194 
748 626 330 236 488 
749 427 744 940 415 
750 479 523 489 515 
751 312 969 666 825 
752 408 324 597 
753 133 930 388 509 
754 247 622 665 727 
755 152 293 787 634 
756 602 592 925 568 
757 930 665 948 549 
758 490 629 256 709 
759 773 864 262 163 
760 719 229 334 412 
761 437 428 681 625 
762 684 871 460 
763 788 334 683 476 
764 763 995 601 617 
765 593 752 933 626 
766 291 836 132 907 
767 786 805 708 351 
768 718 413 329 998 
769 583 594 963 156 
770 528 715 774 573 
771 572 577 570 899 
772 311 978 878 505 
773 182 469 271 365 
774 142 325 364 759 
775 350 730 190 982 
776 834 794 470 873 
777 617 205 689 657 
778 741 574 695 174 
779 141 944 333 873 
780 506 634 667 823 
781 346 659 963 909 
782 430 971 859 452 
783 706 535 838 640 
784 581 312 635 360 
785 418 454 261 748 
786 815 990 985 291 
787 341 854 295 146 
788 706 236 822 877 
789 932 313 848 631 
790 654 371 773 954 
791 204 238 646 316 
792 886 348 559 861 
793 478 648 821 723 
794 610 659 931 179 
795 639 159 750 429 
796 726 534 790 
797 861 473 871 601 
798 848 773 945 225 
799 552 450 613 542 
800 811 761 667 954 
801 524 883 878 541 
802 202 586 551 841 
803 593 813 890 771 
804 449 255 800 275 
805 687 883 502 358 
806 139 144 978 503 
807 923 953 463 166 
808 155 132 623 669 
809 243 778 240 599 
810 500 582 442 386 
811 935 765 669 182 
812 176 756 510 685 
813 242 231 846 
814 486 148 174 477 
815 857 333 523 720 
816 852 763 471 612 
817 618 896 536 160 
818 821 408 513 963 
819 483 263 920 583 
820 647 881 814 906 
821 554 193 986 837 
822 842 994 604 366 
823 855 927 497 676 
824 160 996 990 600 
825 306 213 858 881 
826 994 455 292 143 
827 648 671 875 785 
828 864 610 636 239 
829 863 536 948 
830 738 995 856 413 
831 861 816 348 556 
832 758 812 433 745 
833 774 363 539 525 
834 409 733 818 996 
835 952 367 820 471 
836 584 467 938 405 
837 721 854 593 455 
838 300 373 508 186 
839 766 608 224 823 
840 867 226 533 923 
841 745 339 896 954 
842 701 150 779 172 
843 802 379 456 711 
844 506 543 139 477 
845 726 354 746 676 
846 249 407 565 406 
847 955 596 482 993 
848 891 183 914 192 
849 513 860 650 971 
850 898 716 687 502 
851 922 396 772 604 
852 711 447 705 449 
853 679 397 623 567 
854 919 450 852 649 
855 311 735 783 395 
856 908 913 836 929 
857 237 729 767 151 
858 214 196 305 710 
859 924 796 178 620 
860 371 484 322 176 
861 252 149 304 286 
862 737 916 756 142 
863 169 494 963 696 
864 147 424 146 387 
865 428 968 170 486 
866 613 441 668 557 
867 840 381 232 458 
868 851 507 300 925 
869 943 987 294 999 
870 743 173 410 780 
871 610 634 416 964 
872 487 243 403 731 
873 352 174 941 923 
874 583 496 890 685 
875 397 696 865 825 
876 870 500 808 149 
877 563 616 652 365 
878 171 978 624 441 
879 602 322 867 436 
880 281 768 310 257 
881 446 400 171 286 
882 462 725 212 686 
883 783 956 693 371 
884 167 302 859 564 
885 688 925 733 829 
886 335 691 976 475 
887 603 327 436 434 
888 957 529 653 540 
889 304 837 432 957 
890 625 790 919 402 
891 435 288 855 680 
892 175 588 553 713 
893 765 903 673 515 
894 961 820 847 599 
895 797 660 750 476 
896 443 548 970 519 
897 199 577 943 226 
898 299 267 325 323 
899 499 730 382 983 
900 941 321 463 552 
901 856 309 163 533 
902 852 289 197 438 
903 239 827 953 881 
904 283 806 809 327 
905 800 538 984 
906 498 489 320 694 
907 706 534 773 489 
908 840 269 444 177 
909 246 158 488 862 
910 393 480 335 531 
911 296 337 340 744 
912 572 915 589 976 
913 826 682 442 597 
914 417 683 149 235 
915 240 492 991 244 
916 876 332 810 375 
917 553 332 310 752 
918 729 807 962 268 
919 195 880 792 786 
920 707 736 727 158 
921 286 810 569 492 
922 651 222 786 587 
923 772 985 378 439 
924 226 935 448 206 
925 781 784 680 204 
926 517 759 502 668 
927 274 367 752 
928 152 518 982 541 
929 975 526 357 296 
930 605 451 447 972 
931 900 747 638 794 
932 453 754 777 527 
933 624 557 737 827 
934 392 821 476 592 
935 343 565 928 975 
936 798 466 155 328 
937 945 683 1000 886 
938 789 551 936 899 
939 480 735 700 277 
940 329 414 659 611 
941 375 607 799 236 
942 164 755 821 919 
943 799 425 711 554 
944 462 523 551 451 
945 185 161 152 187 
946 630 789 846 222 
947 629 817 900 419 
948 359 649 944 410 
949 502 711 511 911 
950 735 897 790 827 
951 443 200 552 309 
952 201 974 556 421 
953 771 768 910 787 
954 752 792 549 613 
955 419 869 685 307 
956 495 657 452 715 
957 252 395 766 983 
958 824 509 762 946 
959 480 741 688 951 
960 281 317 282 974 
961 589 263 542 628 
962 163 700 900 833 
963 986 542 355 801 
964 789 751 581 907 
965 663 530 682 417 
966 707 239 918 934 
967 179 705 770 960 
968 973 577 268 305 
969 261 350 484 924 
970 541 156 734 729 
971 675 739 636 
972 438 983 330 906 
973 274 936 888 475 
974 663 932 669 641 
975 670 911 573 422 
976 558 525 848 416 
977 624 277 800 914 
978 198 722 165 445 
979 378 619 555 620 
980 757 892 978 845 
981 909 549 474 893 
982 169 667 575 997 
983 299 959 393 499 
984 383 743 722 494 
985 618 960 1000 825 
986 215 806 364 304 
987 253 538 292 926 
988 770 805 635 481 
989 724 758 461 793 
990 203 666 211 958 
991 193 
992 284 407 884 900 
993 677 838 939 597 
994 912 645 477 965 
995 884 730 968 971 
996 207 617 375 992 
997 932 570 576 364 
998 459 912 823 223 
999 267 811 655 436 
1000 207 774 491 548 
