1 2 3 
2 3 5 4 1 
3 5 4 6 7 
4 9 3 11 6 
5 13 10 2 8 
6 17 10 14 9 
7 14 20 22 5 
8 16 25 15 12 
9 6 15 4 25 
10 27 25 7 8 
11 21 25 5 20 
12 9 17 11 14 
13 20 30 40 8 
14 38 28 7 6 
15 11 46 30 47 
16 40 28 21 23 
17 11 33 53 7 
18 32 21 49 23 
19 24 55 23 8 
20 10 13 47 57 
21 13 42 48 66 
22 20 30 18 62 
23 63 32 17 16 
24 36 10 16 52 
25 9 77 27 24 
26 56 81 80 78 
27 26 70 83 60 
28 67 18 42 71 
29 24 16 12 41 
30 49 36 43 90 
31 57 90 24 75 
32 73 23 64 44 
33 103 68 92 50 
34 13 84 15 12 
35 42 93 106 55 
36 37 69 42 104 
37 99 114 86 64 
38 106 14 43 47 
39 97 17 49 41 
40 92 123 60 43 
41 52 57 26 82 
42 81 111 68 29 
43 82 22 86 109 
44 19 65 73 98 
45 138 65 134 101 
46 63 18 84 29 
47 138 127 36 35 
48 35 44 148 58 
49 137 133 92 152 
50 110 140 88 92 
51 50 78 54 45 
52 119 37 41 106 
53 73 26 163 98 
54 120 36 74 141 
55 87 140 31 52 
56 147 112 137 166 
57 34 46 28 48 
58 99 94 80 87 
59 128 29 61 33 
60 108 152 76 22 
61 60 96 33 173 
62 183 105 189 34 
63 77 197 40 88 
64 75 169 54 109 
65 50 112 121 161 
66 37 34 171 203 
67 153 203 70 147 
68 28 91 171 98 
69 157 135 160 27 
70 83 124 162 166 
71 65 76 77 122 
72 125 115 147 91 
73 51 79 159 185 
74 128 83 104 224 
75 141 209 59 43 
76 150 144 216 91 
77 231 121 50 242 
78 196 95 132 155 
79 85 69 183 215 
80 26 241 98 165 
81 136 175 228 40 
82 179 216 237 90 
83 49 69 161 51 
84 38 204 34 154 
85 197 235 38 185 
86 73 54 107 44 
87 250 167 58 161 
88 276 184 215 112 
89 245 195 239 192 
90 168 177 258 83 
91 133 31 100 110 
92 249 289 226 168 
93 53 233 180 32 
94 153 158 218 247 
95 62 121 239 260 
96 176 82 180 274 
97 31 41 213 37 
98 116 292 75 130 
99 55 77 97 188 
100 269 122 102 95 
101 175 291 243 117 
102 204 85 142 90 
103 149 159 297 242 
104 85 241 66 114 
105 243 100 230 213 
106 214 256 45 38 
107 125 66 68 104 
108 113 143 44 292 
109 333 219 315 176 
110 137 145 272 242 
111 193 114 191 129 
112 207 242 319 284 
113 139 304 171 234 
114 304 328 208 56 
115 116 255 119 179 
116 290 177 340 182 
117 60 102 286 46 
118 46 203 273 368 
119 173 158 361 100 
120 119 64 307 149 
121 118 252 78 216 
122 172 188 57 103 
123 251 209 45 145 
124 205 216 311 143 
125 219 59 345 244 
126 72 133 116 354 
127 290 96 202 181 
128 232 258 345 222 
129 88 53 198 76 
130 159 315 48 263 
131 227 104 161 213 
132 51 94 52 148 
133 91 125 240 354 
134 208 228 396 410 
135 114 320 245 111 
136 45 72 199 299 
137 182 257 93 351 
138 314 269 342 150 
139 168 154 334 67 
140 241 352 408 156 
141 355 195 208 88 
142 81 307 102 313 
143 162 142 131 51 
144 256 420 279 210 
145 433 107 426 453 
146 233 68 109 48 
147 183 220 392 324 
148 210 56 295 113 
149 62 152 317 56 
150 80 417 72 178 
151 253 79 401 217 
152 70 186 170 342 
153 185 432 375 478 
154 63 309 93 54 
155 95 134 335 221 
156 167 191 369 384 
157 62 66 151 177 
158 64 385 156 402 
159 310 415 326 312 
160 390 142 263 325 
161 318 89 409 231 
162 262 70 289 496 
163 151 65 107 72 
164 67 129 446 287 
165 273 254 344 206 
166 198 206 81 472 
167 496 389 111 130 
168 446 440 232 378 
169 259 144 309 84 
170 404 124 447 96 
171 58 232 230 101 
172 416 55 454 386 
173 225 96 462 439 
174 82 378 400 515 
175 296 427 94 533 
176 283 110 99 142 
177 546 351 519 229 
178 435 112 395 174 
179 227 113 129 495 
180 248 495 203 509 
181 304 420 400 270 
182 535 179 157 557 
183 285 149 235 560 
184 63 403 95 281 
185 129 325 170 363 
186 76 399 341 358 
187 315 107 500 69 
188 113 469 551 156 
189 522 592 184 94 
190 392 442 360 268 
191 328 215 117 174 
192 205 374 404 146 
193 275 331 100 85 
194 568 293 136 465 
195 535 502 499 74 
196 256 425 508 562 
197 430 299 591 239 
198 315 330 296 87 
199 197 121 525 414 
200 89 392 431 508 
201 373 163 182 614 
202 484 428 366 236 
203 519 158 102 583 
204 369 634 181 356 
205 379 314 512 321 
206 632 111 359 449 
207 643 469 576 622 
208 605 365 441 506 
209 227 642 295 464 
210 640 250 313 538 
211 162 520 624 302 
212 74 84 206 595 
213 74 340 331 218 
214 586 537 461 174 
215 194 160 627 249 
216 260 120 585 367 
217 207 564 288 235 
218 628 534 145 379 
219 521 252 383 146 
220 464 78 665 389 
221 633 659 577 491 
222 156 381 312 123 
223 122 699 75 71 
224 213 89 93 524 
225 135 589 429 80 
226 212 589 182 89 
227 679 271 344 386 
228 572 140 382 579 
229 644 163 630 221 
230 517 79 347 352 
231 418 133 529 282 
232 123 127 105 286 
233 174 181 562 610 
234 667 229 130 109 
235 717 134 278 626 
236 660 86 653 387 
237 710 469 240 
238 274 468 210 101 
239 225 404 562 99 
240 86 178 570 224 
241 157 79 118 742 
242 381 223 319 728 
243 144 736 172 492 
244 176 407 329 646 
245 713 420 758 136 
246 730 244 442 169 
247 699 361 181 274 
248 548 452 316 348 
249 367 581 131 324 
250 503 638 293 215 
251 678 146 536 541 
252 115 317 771 500 
253 391 103 596 101 
254 575 298 566 116 
255 166 627 118 305 
256 189 251 196 126 
257 366 603 331 676 
258 745 789 97 287 
259 612 617 300 759 
260 406 673 667 801 
261 429 437 311 226 
262 261 280 126 335 
263 394 260 197 493 
264 666 192 87 530 
265 620 225 282 105 
266 211 131 309 467 
267 548 577 168 260 
268 247 591 332 452 
269 495 430 781 659 
270 167 222 670 454 
271 106 191 560 124 
272 839 151 499 579 
273 528 218 390 483 
274 527 323 103 108 
275 250 139 209 824 
276 414 127 508 199 
277 787 676 436 703 
278 778 608 708 172 
279 660 863 473 347 
280 110 792 744 547 
281 417 820 853 544 
282 602 300 813 268 
283 559 645 719 525 
284 674 194 570 131 
285 689 97 777 254 
286 625 588 535 618 
287 763 748 841 120 
288 132 143 401 341 
289 860 348 177 
290 322 409 275 340 
291 661 605 387 190 
292 618 538 558 180 
293 850 122 
294 767 832 797 115 
295 877 578 817 194 
296 887 190 165 497 
297 552 125 243 812 
298 632 445 618 727 
299 903 880 368 105 
300 863 803 865 380 
301 845 811 866 688 
302 800 751 847 673 
303 871 630 231 498 
304 108 124 590 900 
305 321 818 419 338 
306 777 308 172 204 
307 698 826 447 556 
308 888 356 521 873 
309 606 462 902 862 
310 457 696 167 506 
311 726 881 126 187 
312 189 128 701 572 
313 932 126 217 150 
314 201 550 713 758 
315 886 175 872 400 
316 902 530 202 629 
317 609 383 128 429 
318 220 463 201 143 
319 579 924 135 261 
320 951 337 881 655 
321 253 313 245 570 
322 728 610 656 486 
323 276 145 849 207 
324 166 798 661 996 
325 555 977 678 824 
326 489 553 884 688 
327 867 162 572 842 
328 854 855 668 506 
329 404 120 769 325 
330 718 961 375 943 
331 108 914 249 115 
332 802 529 854 212 
333 709 626 238 590 
334 163 117 806 118 
335 616 431 119 491 
336 959 941 936 530 
337 351 567 912 589 
338 922 413 134 783 
339 160 589 443 505 
340 949 854 770 649 
341 957 762 148 844 
342 672 673 650 297 
343 934 130 
344 938 659 569 781 
345 500 835 371 754 
346 343 821 581 870 
347 706 536 575 604 
348 164 561 670 214 
349 554 901 580 755 
350 852 565 683 767 
351 123 776 727 760 
352 997 883 268 127 
353 631 857 451 974 
354 265 339 466 954 
355 343 141 263 278 
356 494 921 190 790 
357 876 394 739 704 
358 518 816 292 399 
359 323 498 852 173 
360 284 480 629 784 
361 456 372 871 740 
362 725 137 870 817 
363 449 393 751 319 
364 542 565 643 155 
365 399 178 117 656 
366 704 139 310 266 
367 665 482 348 199 
368 332 531 411 760 
369 506 613 725 926 
370 912 553 329 190 
371 963 959 234 974 
372 833 267 370 150 
373 707 132 822 
374 237 426 694 276 
375 655 810 305 484 
376 412 419 682 415 
377 139 836 560 349 
378 682 778 1000 923 
379 816 391 485 836 
380 913 818 480 950 
381 285 920 654 187 
382 800 200 951 169 
383 185 277 816 434 
384 346 132 619 878 
385 730 828 865 878 
386 956 192 393 135 
387 809 735 266 743 
388 727 136 841 820 
389 511 727 609 900 
390 319 690 303 211 
391 525 152 138 164 
392 904 441 723 267 
393 511 946 886 860 
394 592 169 840 717 
395 373 948 454 370 
396 425 196 696 747 
397 395 942 376 987 
398 830 180 641 504 
399 466 988 937 958 
400 556 479 986 376 
401 138 151 396 531 
402 153 331 603 592 
403 428 397 794 146 
404 195 813 318 586 
405 403 591 748 895 
406 653 793 703 574 
407 620 538 772 149 
408 198 649 733 165 
409 544 435 308 875 
410 537 209 562 985 
411 324 875 901 718 
412 418 281 664 311 
413 557 343 905 879 
414 470 344 685 908 
415 333 762 296 247 
416 584 273 585 332 
417 486 173 510 305 
418 552 831 170 230 
419 980 855 516 910 
420 607 824 154 170 
421 597 916 407 733 
422 262 258 485 771 
423 456 526 760 879 
424 899 940 992 876 
425 284 438 349 884 
426 490 229 804 336 
427 144 396 368 651 
428 345 453 140 994 
429 449 949 942 437 
430 745 931 860 158 
431 843 975 271 742 
432 214 375 148 523 
433 971 965 627 295 
434 456 801 141 702 
435 202 730 578 863 
436 613 779 557 246 
437 241 171 493 467 
438 564 531 335 286 
439 953 188 522 737 
440 884 965 649 617 
441 240 222 346 688 
442 164 807 751 489 
443 883 711 183 926 
444 822 809 795 428 
445 587 478 838 153 
446 947 739 517 192 
447 377 978 523 200 
448 206 862 709 919 
449 781 718 898 411 
450 759 768 941 782 
451 877 266 672 600 
452 220 157 914 445 
453 846 766 868 526 
454 732 684 785 985 
455 995 947 291 798 
456 581 611 533 554 
457 566 915 792 766 
458 415 559 585 695 
459 208 616 175 147 
460 996 512 588 880 
461 214 799 701 
462 498 433 494 714 
463 989 970 159 411 
464 313 534 503 889 
465 752 164 606 917 
466 814 155 
467 267 686 599 273 
468 742 808 553 520 
469 186 282 929 846 
470 639 199 165 418 
471 235 837 396 681 
472 646 601 959 615 
473 982 246 945 238 
474 186 991 753 438 
475 610 189 552 439 
476 355 802 195 226 
477 501 925 522 486 
478 337 837 599 176 
479 342 985 373 462 
480 363 482 238 513 
481 184 424 710 887 
482 976 155 746 847 
483 605 154 231 322 
484 623 604 655 947 
485 761 234 187 540 
486 528 475 674 179 
487 257 510 768 596 
488 202 922 929 490 
489 827 815 444 475 
490 724 551 694 699 
491 554 586 736 913 
492 840 850 417 613 
493 979 430 393 376 
494 339 160 466 188 
495 604 776 294 366 
496 590 223 927 621 
497 540 832 200 859 
498 707 299 595 992 
499 255 716 312 629 
500 968 687 566 377 
501 979 372 550 835 
502 577 905 752 532 
503 405 805 194 852 
504 830 706 635 621 
505 991 384 817 488 
506 777 201 576 389 
507 641 716 431 288 
508 264 612 210 897 
509 977 229 631 223 
510 622 799 657 992 
511 954 957 673 963 
512 549 858 325 417 
513 561 423 679 952 
514 874 542 270 353 
515 774 972 949 692 
516 692 729 281 329 
517 279 790 405 883 
518 559 934 875 545 
519 619 720 259 903 
520 953 380 834 998 
521 248 622 842 398 
522 584 723 561 447 
523 187 422 277 711 
524 200 529 877 351 
525 670 631 205 558 
526 254 389 272 873 
527 714 457 212 496 
528 257 786 899 434 
529 505 944 303 731 
530 258 211 747 664 
531 882 291 787 426 
532 691 384 278 675 
533 865 563 655 272 
534 898 919 862 347 
535 978 629 218 594 
536 380 283 294 712 
537 178 788 279 976 
538 355 943 228 448 
539 361 719 653 740 
540 499 504 406 221 
541 358 280 251 504 
542 193 775 814 736 
543 198 587 370 603 
544 668 856 226 244 
545 909 294 770 715 
546 485 746 583 640 
547 928 878 855 669 
548 906 671 598 916 
549 995 647 824 191 
550 597 459 830 841 
551 485 837 846 750 
552 990 611 747 904 
553 728 240 755 333 
554 611 845 598 474 
555 834 807 666 938 
556 829 990 734 306 
557 675 738 592 685 
558 746 641 654 515 
559 763 882 397 786 
560 841 805 931 339 
561 186 450 681 892 
562 445 595 535 833 
563 697 982 347 902 
564 617 773 850 321 
565 812 907 363 993 
566 775 769 735 204 
567 751 739 236 893 
568 356 677 269 845 
569 891 184 451 657 
570 887 828 646 865 
571 261 193 443 788 
572 819 842 224 230 
573 207 980 763 973 
574 623 998 270 494 
575 249 896 601 706 
576 893 615 364 259 
577 908 918 708 237 
578 422 693 201 310 
579 357 407 510 906 
580 892 523 734 563 
581 302 346 663 264 
582 344 1000 697 944 
583 560 852 950 818 
584 350 431 243 681 
585 546 665 722 483 
586 930 731 327 940 
587 662 918 905 223 
588 822 256 546 620 
589 689 745 574 519 
590 594 907 436 269 
591 759 966 451 374 
592 272 683 678 283 
593 421 211 372 419 
594 830 951 383 310 
595 766 306 620 703 
596 291 721 233 490 
597 634 975 945 710 
598 761 590 314 662 
599 219 495 784 196 
600 931 895 474 664 
601 540 819 221 365 
602 555 930 612 756 
603 524 464 785 796 
604 735 991 772 284 
605 543 600 996 840 
606 784 193 277 684 
607 439 287 353 422 
608 537 843 582 461 
609 889 798 617 674 
610 270 483 722 458 
611 848 533 516 996 
612 348 698 563 875 
613 658 633 257 827 
614 470 314 885 744 
615 322 625 271 513 
616 253 217 819 
617 615 268 936 414 
618 765 956 275 909 
619 491 424 661 895 
620 388 693 782 364 
621 330 626 682 691 
622 450 621 757 557 
623 853 432 502 400 
624 898 794 350 1000 
625 442 548 787 456 
626 994 271 568 379 
627 801 827 704 803 
628 521 710 596 234 
629 794 648 327 
630 513 719 810 593 
631 848 228 518 939 
632 307 860 227 925 
633 301 623 597 212 
634 362 432 772 359 
635 642 582 983 525 
636 336 700 205 455 
637 412 782 460 765 
638 561 460 217 236 
639 528 749 868 
640 471 802 507 926 
641 555 891 906 362 
642 579 472 753 598 
643 885 646 670 716 
644 701 992 755 761 
645 867 686 825 871 
646 952 665 612 945 
647 951 549 245 758 
648 739 283 986 251 
649 661 409 550 856 
650 836 972 503 480 
651 743 613 222 219 
652 615 448 783 797 
653 713 990 836 715 
654 518 920 907 458 
655 278 910 265 225 
656 806 684 820 901 
657 401 341 588 450 
658 521 286 555 616 
659 224 572 994 421 
660 676 247 993 831 
661 220 264 934 834 
662 750 955 967 987 
663 915 924 804 859 
664 352 364 427 453 
665 362 298 463 683 
666 237 418 654 953 
667 239 353 628 702 
668 571 634 585 576 
669 526 939 810 989 
670 343 530 936 582 
671 609 690 954 972 
672 248 997 802 983 
673 511 897 901 636 
674 872 637 549 558 
675 238 741 778 892 
676 371 999 767 296 
677 806 302 517 979 
678 834 869 851 362 
679 523 663 772 627 
680 823 311 248 261 
681 691 545 955 414 
682 570 373 254 390 
683 938 619 567 534 
684 402 781 817 800 
685 918 971 374 893 
686 385 441 540 741 
687 378 748 645 233 
688 806 306 879 448 
689 651 915 924 610 
690 990 967 336 913 
691 452 907 584 811 
692 492 546 886 678 
693 741 508 652 765 
694 294 870 835 687 
695 322 558 969 771 
696 903 709 481 
697 631 447 717 705 
698 276 966 440 708 
699 993 244 856 805 
700 287 573 349 983 
701 232 365 458 637 
702 444 369 663 474 
703 986 816 890 701 
704 459 428 740 845 
705 693 501 630 266 
706 252 900 246 549 
707 479 680 785 259 
708 514 591 246 638 
709 477 935 611 455 
710 774 529 565 262 
711 756 947 693 969 
712 896 511 493 726 
713 963 537 477 300 
714 429 298 719 487 
715 660 976 792 863 
716 476 370 375 880 
717 764 288 301 633 
718 690 766 401 528 
719 971 356 497 636 
720 330 937 726 757 
721 734 588 712 350 
722 265 872 999 568 
723 473 999 328 950 
724 250 823 909 967 
725 954 999 594 302 
726 280 957 463 921 
727 679 354 605 779 
728 602 721 663 903 
729 265 586 671 
730 360 393 833 667 
731 744 593 987 577 
732 465 912 754 931 
733 541 236 509 975 
734 695 514 826 497 
735 854 870 822 463 
736 468 293 738 683 
737 800 871 575 509 
738 667 694 735 551 
739 904 844 928 635 
740 488 424 932 935 
741 788 857 748 355 
742 398 945 668 928 
743 642 512 637 725 
744 387 405 829 998 
745 471 733 652 938 
746 942 635 977 857 
747 295 825 253 
748 869 849 359 657 
749 471 548 882 514 
750 324 372 275 509 
751 263 377 826 498 
752 337 632 927 510 
753 411 764 829 980 
754 395 334 979 491 
755 388 436 935 876 
756 593 594 419 
757 864 983 917 785 
758 574 264 406 688 
759 440 890 484 386 
760 969 873 252 403 
761 873 980 
762 839 821 946 843 
763 658 338 524 479 
764 955 461 559 402 
765 545 964 531 866 
766 501 908 749 848 
767 885 988 677 976 
768 368 571 299 380 
769 547 869 338 327 
770 832 475 729 460 
771 851 668 972 989 
772 953 867 504 981 
773 625 306 541 981 
774 366 320 413 484 
775 608 255 422 584 
776 689 501 262 614 
777 337 423 975 851 
778 457 762 255 677 
779 645 757 444 289 
780 724 793 892 303 
781 905 326 643 755 
782 433 795 808 492 
783 516 405 773 476 
784 791 941 388 320 
785 832 941 826 962 
786 981 408 874 929 
787 407 796 968 640 
788 811 840 476 357 
789 677 532 352 932 
790 691 796 949 374 
791 398 911 632 392 
792 478 652 894 960 
793 946 457 944 323 
794 367 279 328 981 
795 966 301 897 998 
796 290 731 818 724 
797 288 943 657 839 
798 888 305 808 921 
799 900 768 786 388 
800 861 469 489 587 
801 820 906 435 917 
802 267 849 517 705 
803 298 569 878 838 
804 435 606 795 432 
805 686 866 458 524 
806 334 494 775 
807 408 893 966 624 
808 908 899 532 960 
809 308 444 978 301 
810 960 831 770 722 
811 669 464 333 715 
812 423 939 810 978 
813 796 952 703 799 
814 948 722 740 505 
815 490 297 920 582 
816 406 697 427 964 
817 898 476 282 580 
818 487 720 780 700 
819 470 861 786 848 
820 505 656 698 462 
821 950 446 581 965 
822 779 360 859 696 
823 599 650 868 776 
824 639 745 942 970 
825 481 689 888 831 
826 671 564 437 769 
827 596 756 450 574 
828 438 970 519 357 
829 399 815 855 812 
830 811 430 809 922 
831 303 955 
832 914 499 601 956 
833 479 762 443 788 
834 768 536 985 711 
835 916 791 597 341 
836 281 285 318 382 
837 798 857 363 317 
838 791 894 433 692 
839 1000 336 323 687 
840 783 823 795 964 
841 934 409 500 470 
842 837 395 383 277 
843 660 948 443 361 
844 274 316 614 578 
845 933 926 387 512 
846 872 706 680 421 
847 746 647 968 334 
848 753 927 674 390 
849 382 573 650 763 
850 421 874 882 697 
851 997 573 502 547 
852 928 416 815 424 
853 300 472 606 962 
854 888 790 472 827 
855 961 805 729 807 
856 497 723 858 944 
857 280 838 807 467 
858 638 778 616 681 
859 814 651 573 715 
860 726 867 656 342 
861 601 474 638 843 
862 919 823 520 920 
863 441 687 764 899 
864 622 321 568 713 
865 659 946 705 332 
866 896 580 624 416 
867 929 756 829 669 
868 716 539 968 516 
869 468 358 936 449 
870 940 987 853 552 
871 289 890 723 426 
872 651 743 858 939 
873 747 685 482 759 
874 791 614 391 943 
875 625 912 369 682 
876 725 902 386 808 
877 522 915 297 789 
878 371 758 658 671 
879 773 434 578 483 
880 412 381 608 539 
881 542 971 986 
882 819 769 962 911 
883 997 460 821 647 
884 787 652 285 760 
885 543 742 653 737 
886 308 940 599 413 
887 925 532 553 933 
888 416 487 628 381 
889 736 503 489 607 
890 569 304 821 879 
891 982 851 607 862 
892 965 514 654 991 
893 932 799 844 556 
894 307 709 650 636 
895 989 598 571 478 
896 543 685 984 897 
897 884 583 507 452 
898 619 446 290 794 
899 812 861 
900 977 475 738 437 
901 732 440 412 752 
902 984 789 327 544 
903 707 847 844 353 
904 465 956 600 571 
905 886 595 507 695 
906 994 527 961 534 
907 496 293 877 937 
908 684 895 465 961 
909 825 640 
910 326 790 623 423 
911 925 564 909 486 
912 761 984 880 813 
913 835 455 933 538 
914 292 993 911 881 
915 995 515 666 846 
916 743 459 702 309 
917 714 357 804 364 
918 734 425 704 970 
919 382 692 448 749 
920 345 641 384 699 
921 757 749 551 856 
922 858 425 696 732 
923 533 957 967 539 
924 541 371 675 850 
925 608 721 477 733 
926 633 969 910 602 
927 780 894 480 644 
928 630 408 910 974 
929 410 881 849 695 
930 565 676 917 708 
931 717 721 567 520 
932 700 853 649 442 
933 724 921 958 782 
934 326 583 609 394 
935 438 754 712 
936 403 914 360 789 
937 741 672 883 767 
938 923 482 542 575 
939 948 933 662 639 
940 793 960 866 963 
941 793 783 984 930 
942 454 526 316 833 
943 937 648 397 744 
944 935 784 473 339 
945 686 718 774 930 
946 720 815 544 737 
947 809 376 962 316 
948 868 513 543 488 
949 813 919 604 
950 712 861 714 367 
951 780 439 664 515 
952 569 547 628 927 
953 427 918 797 618 
954 775 964 771 804 
955 567 420 644 545 
956 923 317 626 
957 828 415 636 639 
958 924 825 556 672 
959 988 461 648 864 
960 451 554 602 952 
961 466 580 436 
962 603 814 642 974 
963 453 889 576 471 
964 481 792 644 923 
965 700 842 635 904 
966 732 828 730 493 
967 410 394 340 669 
968 359 973 891 
969 566 487 647 502 
970 507 312 728 887 
971 995 385 680 329 
972 973 607 913 349 
973 350 477 377 600 
974 869 797 536 346 
975 379 959 916 773 
976 973 690 563 698 
977 958 729 518 539 
978 330 481 587 410 
979 720 894 738 459 
980 488 658 637 
981 634 889 982 468 
982 320 764 550 779 
983 648 378 473 864 
984 492 434 777 839 
985 750 801 662 737 
986 958 365 891 770 
987 705 707 358 
988 731 338 354 
989 467 890 803 
990 397 838 874 593 
991 896 680 645 754 
992 711 988 445 922 
993 643 803 679 398 
994 752 876 624 859 
995 864 765 318 885 
996 527 391 911 753 
997 774 694 675 702 
998 413 385 455 527 
999 335 666 750 621 
1000 847 780 776 402 
