1 9 7 4 10 
2 10 1 7 8 
3 8 16 1 14 
4 3 14 12 17 
5 18 29 28 9 
6 24 4 37 15 
7 36 33 1 11 
8 1 39 42 19 
9 13 22 52 53 
10 55 53 44 27 
11 51 62 61 25 
12 28 35 5 7 
13 67 9 14 6 
14 52 3 43 17 
15 22 72 80 33 
16 95 51 17 92 
17 23 27 49 84 
18 44 52 16 81 
19 5 7 17 9 
20 69 34 64 85 
21 115 37 74 18 
22 58 85 68 11 
23 74 45 107 66 
24 108 126 36 93 
25 26 153 38 22 
26 121 14 28 106 
27 5 75 6 37 
28 136 12 68 43 
29 27 20 50 33 
30 32 24 119 65 
31 6 170 120 87 
32 93 179 8 123 
33 192 122 112 20 
34 41 61 49 11 
35 154 11 87 172 
36 51 42 169 13 
37 145 68 217 45 
38 21 59 109 46 
39 171 228 192 106 
40 101 46 34 20 
41 135 71 216 77 
42 237 209 100 254 
43 170 44 131 238 
44 115 74 38 264 
45 191 95 234 107 
46 274 99 15 132 
47 54 71 8 79 
48 31 187 257 135 
49 119 20 128 24 
50 154 84 294 185 
51 149 266 292 156 
52 303 42 258 187 
53 149 214 66 31 
54 97 273 23 142 
55 211 199 289 213 
56 111 271 91 252 
57 10 276 205 68 
58 315 98 206 38 
59 85 160 21 40 
60 295 70 89 374 
61 26 12 140 18 
62 127 76 380 134 
63 21 83 122 320 
64 21 23 116 30 
65 163 29 36 62 
66 407 348 97 157 
67 181 77 359 278 
68 123 350 103 60 
69 75 217 45 153 
70 384 203 265 82 
71 78 223 328 356 
72 221 39 329 308 
73 81 102 289 399 
74 450 258 31 142 
75 317 442 244 437 
76 67 268 147 431 
77 157 475 347 168 
78 33 73 296 99 
79 76 165 47 415 
80 168 396 213 337 
81 359 65 495 243 
82 414 55 26 354 
83 139 464 105 486 
84 222 48 247 285 
85 412 55 114 60 
86 130 222 370 332 
87 72 533 418 515 
88 22 472 392 16 
89 23 264 495 90 
90 407 344 141 82 
91 287 65 60 255 
92 494 155 141 545 
93 426 451 247 264 
94 327 549 546 377 
95 367 99 83 317 
96 284 554 176 41 
97 544 373 196 387 
98 337 492 441 26 
99 498 441 344 578 
100 479 590 212 335 
101 426 210 493 497 
102 75 400 272 440 
103 485 467 407 570 
104 38 618 307 198 
105 410 152 340 647 
106 236 227 102 52 
107 48 278 586 190 
108 69 50 54 48 
109 168 25 31 496 
110 83 545 276 19 
111 101 540 67 44 
112 312 133 75 558 
113 148 364 352 511 
114 360 29 162 175 
115 569 574 558 513 
116 416 610 180 630 
117 643 64 92 25 
118 202 474 614 325 
119 232 578 94 403 
120 119 211 25 416 
121 535 650 756 82 
122 528 595 696 237 
123 323 190 389 673 
124 393 465 77 362 
125 197 706 340 129 
126 129 500 221 512 
127 422 138 53 713 
128 62 270 143 347 
129 347 728 570 402 
130 24 756 498 458 
131 637 760 803 63 
132 364 182 554 35 
133 128 443 819 775 
134 85 577 61 302 
135 448 562 737 363 
136 282 593 164 70 
137 346 47 165 720 
138 63 551 291 660 
139 193 579 83 775 
140 150 569 748 501 
141 504 683 726 565 
142 176 542 564 56 
143 843 231 283 554 
144 894 394 357 566 
145 506 328 779 355 
146 555 813 281 313 
147 55 585 603 93 
148 53 262 39 379 
149 472 439 650 732 
150 482 605 421 752 
151 926 205 699 224 
152 202 711 311 793 
153 37 40 32 63 
154 847 664 255 69 
155 808 628 718 41 
156 154 732 915 204 
157 922 897 961 283 
158 412 124 171 773 
159 158 560 923 404 
160 963 630 205 259 
161 136 34 681 515 
162 435 201 50 584 
163 388 719 783 290 
164 663 409 979 765 
165 299 365 883 51 
166 887 778 912 445 
167 469 35 32 594 
168 70 423 907 981 
169 227 986 547 905 
170 325 307 936 993 
171 575 184 72 939 
172 396 448 672 203 
173 436 571 194 920 
174 898 719 886 233 
175 56 966 637 39 
176 286 698 940 306 
177 725 865 91 611 
178 914 76 215 405 
179 633 980 972 584 
180 312 178 50 154 
181 461 297 752 658 
182 890 464 917 539 
183 623 813 989 875 
184 372 851 846 36 
185 784 278 856 881 
186 671 692 73 247 
187 473 172 102 728 
188 79 612 249 799 
189 58 575 108 850 
190 734 812 269 355 
191 674 472 70 622 
192 371 774 974 57 
193 559 66 48 932 
194 835 697 215 502 
195 80 43 500 312 
196 58 412 475 768 
197 423 938 963 780 
198 971 270 395 855 
199 411 59 43 67 
200 960 972 185 910 
201 911 726 928 874 
202 667 226 388 57 
203 46 831 475 996 
204 494 112 670 738 
205 604 572 832 425 
206 748 248 661 746 
207 892 941 103 598 
208 744 207 397 218 
209 957 231 195 126 
210 648 694 312 86 
211 180 171 965 667 
212 982 757 34 816 
213 658 172 427 144 
214 683 809 368 316 
215 391 449 639 555 
216 242 773 491 387 
217 100 223 948 400 
218 108 276 958 178 
219 511 822 946 42 
220 686 378 57 387 
221 167 423 72 161 
222 347 386 265 882 
223 430 259 427 343 
224 819 260 66 966 
225 206 378 240 198 
226 507 239 179 532 
227 584 837 801 711 
228 999 888 980 846 
229 522 430 994 742 
230 918 244 907 46 
231 47 87 920 394 
232 684 733 955 64 
233 346 614 668 783 
234 399 117 877 948 
235 921 103 860 536 
236 113 297 617 796 
237 508 955 945 706 
238 145 861 152 40 
239 151 445 528 104 
240 64 138 705 45 
241 392 703 479 815 
242 291 953 814 461 
243 105 891 174 769 
244 755 378 884 578 
245 360 355 799 561 
246 688 611 617 364 
247 660 228 189 771 
248 897 94 159 962 
249 533 950 884 463 
250 849 806 583 650 
251 812 552 204 339 
252 256 565 994 676 
253 367 938 226 939 
254 912 915 93 681 
255 101 455 41 480 
256 932 934 149 130 
257 696 983 782 395 
258 147 824 518 505 
259 380 631 915 299 
260 734 212 755 388 
261 153 490 413 404 
262 529 730 790 257 
263 631 120 924 203 
264 498 56 318 814 
265 996 876 825 737 
266 438 636 284 565 
267 834 656 242 578 
268 265 143 493 687 
269 298 381 49 
270 415 946 796 603 
271 727 350 195 921 
272 479 516 346 97 
273 208 339 263 816 
274 174 58 541 80 
275 615 471 976 521 
276 512 876 903 610 
277 487 559 956 150 
278 625 913 386 91 
279 689 878 864 96 
280 219 645 123 587 
281 49 597 750 358 
282 137 100 417 553 
283 888 898 502 718 
284 211 729 234 63 
285 47 702 858 429 
286 253 906 266 78 
287 763 650 703 698 
288 317 293 428 319 
289 991 432 303 994 
290 237 98 468 549 
291 752 880 971 835 
292 607 943 147 909 
293 403 170 860 462 
294 164 689 957 836 
295 54 98 806 321 
296 513 952 538 490 
297 393 909 561 810 
298 183 657 805 556 
299 603 788 250 958 
300 692 315 659 723 
301 353 979 997 693 
302 955 992 662 61 
303 859 219 377 254 
304 817 583 999 205 
305 530 613 597 186 
306 459 91 368 477 
307 334 924 717 
308 705 618 554 87 
309 552 820 352 427 
310 712 118 510 657 
311 844 327 583 424 
312 503 837 537 57 
313 975 569 838 243 
314 625 567 885 158 
315 655 595 129 930 
316 230 410 602 646 
317 268 480 450 173 
318 926 992 96 437 
319 792 926 886 513 
320 501 579 175 385 
321 760 383 802 112 
322 678 112 196 378 
323 56 118 743 631 
324 794 623 959 470 
325 54 873 69 86 
326 792 805 374 62 
327 528 572 835 358 
328 932 885 887 469 
329 604 286 223 855 
330 529 781 163 965 
331 768 657 774 118 
332 272 224 478 385 
333 547 99 136 381 
334 342 643 988 925 
335 283 59 398 785 
336 909 415 471 802 
337 341 263 331 809 
338 457 815 811 557 
339 255 952 852 647 
340 304 71 292 
341 184 80 490 836 
342 543 717 426 59 
343 877 81 799 544 
344 672 913 324 555 
345 231 648 887 225 
346 537 548 816 253 
347 804 922 552 621 
348 700 214 798 
349 617 207 625 677 
350 178 759 961 744 
351 756 110 550 116 
352 613 738 503 636 
353 761 486 863 944 
354 852 787 151 996 
355 738 471 113 134 
356 895 606 806 649 
357 468 985 290 433 
358 228 856 805 825 
359 82 748 535 248 
360 548 128 79 189 
361 648 336 358 701 
362 301 607 171 659 
363 763 65 73 166 
364 564 896 991 911 
365 453 150 459 391 
366 90 871 848 556 
367 588 404 973 755 
368 854 549 186 306 
369 691 206 534 817 
370 845 110 915 558 
371 605 791 945 458 
372 836 973 211 902 
373 483 924 776 223 
374 125 420 60 472 
375 259 120 365 315 
376 160 827 106 579 
377 673 209 393 598 
378 872 308 953 473 
379 377 228 840 386 
380 870 492 329 770 
381 786 514 106 713 
382 526 745 903 947 
383 73 318 396 301 
384 759 125 114 381 
385 435 412 496 890 
386 966 335 946 359 
387 817 77 828 692 
388 551 582 92 693 
389 340 701 886 348 
390 954 402 941 436 
391 159 942 904 488 
392 517 973 769 621 
393 104 288 330 109 
394 127 700 588 731 
395 304 767 385 981 
396 596 857 804 762 
397 592 794 375 453 
398 382 510 725 740 
399 442 449 79 229 
400 454 607 917 248 
401 813 288 375 216 
402 656 651 89 119 
403 1000 988 606 599 
404 739 652 793 579 
405 754 568 525 279 
406 772 841 120 103 
407 379 534 401 257 
408 799 768 906 113 
409 336 962 871 511 
410 411 328 305 901 
411 531 546 885 350 
412 86 900 275 95 
413 844 604 285 581 
414 174 861 809 360 
415 354 133 466 661 
416 950 864 784 676 
417 766 939 387 210 
418 271 439 191 601 
419 71 411 666 400 
420 640 540 458 124 
421 190 137 800 538 
422 124 989 830 111 
423 619 367 567 419 
424 723 626 208 434 
425 139 74 741 625 
426 261 200 524 446 
427 273 749 276 421 
428 116 931 177 279 
429 845 375 353 356 
430 732 667 362 78 
431 94 824 688 145 
432 489 108 296 272 
433 658 235 560 314 
434 215 621 901 879 
435 440 478 515 842 
436 941 84 122 520 
437 847 287 539 381 
438 753 300 655 148 
439 385 244 416 582 
440 606 289 139 507 
441 767 642 633 691 
442 271 1000 261 590 
443 729 923 572 679 
444 484 877 538 330 
445 791 434 442 173 
446 414 984 997 895 
447 753 448 511 373 
448 671 445 573 592 
449 207 523 315 843 
450 923 260 457 516 
451 682 280 406 868 
452 449 993 78 90 
453 567 166 
454 456 741 789 710 
455 957 376 729 177 
456 470 662 672 623 
457 555 848 791 826 
458 749 899 111 76 
459 350 429 892 351 
460 681 188 653 508 
461 701 904 615 88 
462 870 838 852 821 
463 159 694 977 566 
464 357 881 517 855 
465 827 530 198 544 
466 138 972 707 240 
467 648 338 115 744 
468 161 904 722 978 
469 876 518 995 456 
470 572 370 978 365 
471 600 705 239 460 
472 240 357 727 642 
473 201 204 911 104 
474 960 217 201 829 
475 846 86 433 519 
476 468 371 769 465 
477 811 882 395 988 
478 81 187 199 503 
479 167 349 278 690 
480 238 892 90 811 
481 534 322 318 862 
482 818 365 
483 662 131 629 872 
484 908 839 811 724 
485 399 851 492 532 
486 785 722 449 589 
487 993 970 835 951 
488 968 585 105 495 
489 184 984 252 675 
490 419 683 689 989 
491 146 712 808 463 
492 180 196 326 743 
493 101 789 280 757 
494 136 195 267 837 
495 165 588 374 939 
496 88 837 372 96 
497 274 220 654 410 
498 251 481 571 668 
499 477 682 307 84 
500 714 775 724 408 
501 873 431 409 581 
502 484 833 240 980 
503 696 983 427 334 
504 627 587 501 699 
505 521 189 969 89 
506 913 562 616 549 
507 922 340 467 280 
508 750 208 966 663 
509 426 181 999 454 
510 853 466 815 380 
511 318 245 896 735 
512 297 160 123 769 
513 298 582 88 
514 779 641 373 651 
515 638 531 492 109 
516 684 709 599 543 
517 982 638 896 708 
518 191 363 527 444 
519 644 742 282 632 
520 841 772 283 931 
521 294 601 586 818 
522 559 677 985 229 
523 425 553 168 732 
524 660 161 863 89 
525 764 680 375 131 
526 543 848 456 88 
527 497 203 867 485 
528 200 545 795 723 
529 691 789 968 462 
530 280 100 875 
531 992 686 938 927 
532 842 309 925 439 
533 353 396 316 977 
534 868 610 117 210 
535 636 997 342 771 
536 478 590 675 407 
537 638 194 428 466 
538 888 370 300 305 
539 313 986 963 878 
540 474 406 760 445 
541 664 642 838 779 
542 715 417 469 709 
543 526 747 753 94 
544 170 107 842 812 
545 560 355 687 969 
546 144 269 460 964 
547 167 722 218 889 
548 187 985 349 600 
549 740 874 575 645 
550 995 483 98 382 
551 447 488 102 251 
552 514 649 275 951 
553 130 133 814 777 
554 267 405 843 394 
555 956 969 726 980 
556 432 550 425 343 
557 402 473 174 499 
558 273 443 320 439 
559 313 354 175 645 
560 92 961 776 303 
561 497 523 749 295 
562 731 189 894 890 
563 616 104 306 470 
564 755 781 850 397 
565 978 841 116 193 
566 711 327 275 776 
567 499 234 532 935 
568 306 305 940 591 
569 576 135 983 902 
570 129 798 801 664 
571 560 941 298 814 
572 440 235 632 
573 805 725 757 405 
574 585 334 797 114 
575 519 486 971 146 
576 889 535 311 823 
577 714 783 241 800 
578 748 670 557 925 
579 807 880 176 703 
580 901 310 680 142 
581 343 95 700 780 
582 483 476 118 279 
583 455 807 296 379 
584 489 828 973 
585 500 330 826 620 
586 233 270 568 561 
587 322 110 509 152 
588 222 372 277 725 
589 906 367 386 970 
590 443 125 199 462 
591 651 899 956 810 
592 126 334 942 494 
593 666 109 894 900 
594 785 421 536 216 
595 609 265 594 97 
596 452 96 570 730 
597 644 134 767 469 
598 589 167 234 242 
599 627 209 965 900 
600 542 976 314 260 
601 281 858 546 715 
602 783 823 870 927 
603 940 213 344 831 
604 140 541 893 772 
605 654 924 410 197 
606 117 630 695 754 
607 338 392 215 628 
608 481 633 299 849 
609 684 962 285 121 
610 675 928 808 949 
611 333 687 863 155 
612 574 609 331 262 
613 429 125 140 127 
614 706 737 810 682 
615 361 563 834 592 
616 722 739 874 877 
617 804 976 862 622 
618 868 133 250 464 
619 231 987 225 
620 176 624 795 716 
621 776 721 517 852 
622 335 156 619 217 
623 487 668 634 818 
624 827 310 844 967 
625 444 809 302 712 
626 612 861 155 302 
627 604 155 639 
628 277 409 853 938 
629 518 724 534 247 
630 132 401 289 199 
631 734 371 290 878 
632 128 338 702 931 
633 998 665 553 765 
634 481 882 143 563 
635 194 460 565 889 
636 910 673 110 398 
637 204 132 881 694 
638 163 935 309 346 
639 159 162 591 866 
640 366 409 207 774 
641 632 144 679 990 
642 856 958 575 447 
643 451 847 486 934 
644 124 764 219 697 
645 819 414 849 751 
646 763 717 594 945 
647 470 921 762 905 
648 107 339 333 310 
649 198 540 257 858 
650 887 435 661 105 
651 905 379 152 338 
652 212 898 933 505 
653 177 829 713 245 
654 655 256 461 111 
655 268 661 686 893 
656 968 421 867 653 
657 936 720 746 463 
658 591 562 883 193 
659 458 114 833 483 
660 323 156 736 557 
661 635 754 826 945 
662 781 944 522 629 
663 493 363 695 282 
664 606 576 711 520 
665 563 663 688 615 
666 525 612 309 820 
667 880 143 767 690 
668 452 400 372 919 
669 840 921 132 683 
670 788 899 777 752 
671 259 893 121 528 
672 656 293 581 285 
673 466 288 235 113 
674 589 750 156 704 
675 839 691 913 392 
676 967 830 127 652 
677 989 954 740 331 
678 319 460 208 719 
679 524 593 684 879 
680 721 730 441 801 
681 525 918 175 357 
682 408 415 401 169 
683 181 115 236 824 
684 517 495 474 872 
685 263 508 910 360 
686 820 296 886 121 
687 662 612 384 488 
688 148 806 708 982 
689 503 246 256 934 
690 463 242 875 739 
691 770 506 959 137 
692 390 235 507 914 
693 462 694 122 320 
694 547 258 682 134 
695 867 362 455 402 
696 679 371 727 718 
697 213 430 326 414 
698 505 238 293 705 
699 202 548 930 876 
700 553 220 389 786 
701 621 504 605 933 
702 252 714 853 784 
703 345 506 758 361 
704 825 566 700 868 
705 671 546 932 735 
706 498 948 
707 293 937 408 595 
708 321 873 890 577 
709 376 614 792 417 
710 907 323 172 823 
711 145 644 245 117 
712 640 639 969 351 
713 848 992 958 185 
714 946 608 894 356 
715 605 988 627 736 
716 485 281 786 333 
717 161 438 437 822 
718 146 775 388 169 
719 925 677 827 403 
720 929 647 822 477 
721 976 990 245 195 
722 369 284 951 522 
723 165 674 986 149 
724 800 538 820 919 
725 727 797 802 
726 262 701 599 1000 
727 341 654 617 169 
728 807 677 330 482 
729 263 582 474 926 
730 183 678 519 660 
731 597 794 611 232 
732 446 180 665 609 
733 865 846 186 634 
734 405 482 220 301 
735 885 869 336 865 
736 236 440 756 819 
737 690 908 459 389 
738 636 300 447 764 
739 780 715 853 859 
740 437 878 851 137 
741 227 489 550 484 
742 867 610 665 785 
743 557 369 949 425 
744 389 859 821 147 
745 292 695 738 758 
746 704 693 158 796 
747 943 413 666 839 
748 201 267 697 670 
749 288 521 277 634 
750 817 424 130 142 
751 359 882 188 348 
752 542 446 709 366 
753 258 222 326 224 
754 584 782 569 344 
755 294 698 699 333 
756 303 793 967 510 
757 543 681 586 627 
758 363 592 499 860 
759 743 144 735 715 
760 933 762 964 496 
761 308 281 442 507 
762 590 710 313 639 
763 773 875 162 454 
764 501 430 550 332 
765 879 332 393 237 
766 131 570 669 531 
767 957 635 532 369 
768 663 739 628 902 
769 455 577 821 352 
770 659 493 580 138 
771 803 269 840 241 
772 446 919 254 324 
773 562 960 866 949 
774 986 904 484 368 
775 262 910 404 777 
776 456 871 730 710 
777 345 845 702 659 
778 255 829 906 250 
779 524 268 761 148 
780 704 568 619 759 
781 391 673 197 173 
782 531 324 452 516 
783 623 620 608 146 
784 351 471 687 485 
785 982 930 831 914 
786 762 540 150 854 
787 200 369 126 984 
788 747 447 589 299 
789 328 954 411 246 
790 651 713 230 139 
791 631 766 433 652 
792 587 825 252 622 
793 731 869 261 692 
794 383 788 927 782 
795 908 892 803 561 
796 859 304 674 323 
797 647 649 229 933 
798 928 301 751 254 
799 923 239 965 443 
800 157 140 634 184 
801 927 548 897 264 
802 349 782 810 232 
803 183 563 194 737 
804 229 270 322 224 
805 564 573 497 857 
806 951 153 633 987 
807 959 655 792 917 
808 459 745 626 615 
809 279 225 968 646 
810 995 512 182 522 
811 332 812 343 669 
812 911 595 536 742 
813 942 300 712 243 
814 479 630 429 834 
815 436 243 743 645 
816 251 891 608 733 
817 855 750 940 166 
818 197 179 721 151 
819 521 406 428 408 
820 309 480 294 787 
821 641 977 707 830 
822 981 182 581 642 
823 249 778 239 780 
824 227 937 160 954 
825 635 788 899 703 
826 438 962 908 465 
827 162 597 865 558 
828 860 178 838 679 
829 935 
830 362 275 248 646 
831 733 457 823 863 
832 291 314 395 221 
833 377 674 487 686 
834 236 736 824 304 
835 556 936 768 158 
836 955 533 707 864 
837 793 468 135 186 
838 292 329 766 397 
839 151 266 757 997 
840 857 996 803 952 
841 960 250 898 566 
842 266 505 928 834 
843 758 406 432 319 
844 452 720 991 716 
845 693 678 316 473 
846 383 593 709 653 
847 335 707 
848 450 526 366 770 
849 931 166 478 600 
850 624 182 453 580 
851 230 539 822 552 
852 256 342 607 942 
853 872 520 545 141 
854 895 399 858 512 
855 287 790 644 771 
856 233 428 667 423 
857 351 839 929 361 
858 384 729 896 948 
859 990 183 413 789 
860 640 629 585 728 
861 944 424 390 542 
862 680 141 164 832 
863 320 450 311 716 
864 720 716 398 990 
865 596 337 804 646 
866 467 747 649 749 
867 658 656 766 974 
868 884 233 983 668 
869 173 321 971 527 
870 797 918 761 587 
871 366 840 891 833 
872 527 196 336 765 
873 356 390 441 598 
874 353 287 665 267 
875 818 726 297 690 
876 608 177 920 970 
877 795 376 164 504 
878 714 518 751 571 
879 900 889 952 836 
880 573 230 467 272 
881 772 188 513 476 
882 345 431 741 420 
883 568 731 784 800 
884 431 869 219 
885 795 295 613 218 
886 490 419 798 481 
887 801 253 583 494 
888 614 339 524 905 
889 465 551 987 331 
890 947 629 417 929 
891 397 514 742 902 
892 317 291 912 434 
893 671 547 777 873 
894 496 883 833 290 
895 373 741 476 398 
896 708 685 433 843 
897 864 728 342 487 
898 436 192 624 325 
899 974 510 786 874 
900 438 418 453 358 
901 209 676 637 529 
902 422 771 382 616 
903 302 551 611 745 
904 368 841 975 354 
905 246 286 675 179 
906 964 571 525 760 
907 641 909 953 535 
908 947 847 893 987 
909 514 641 284 871 
910 706 929 586 972 
911 708 488 390 326 
912 753 157 816 537 
913 826 580 851 602 
914 225 596 238 523 
915 502 901 273 226 
916 736 218 613 699 
917 883 916 733 491 
918 778 831 444 477 
919 380 640 444 337 
920 879 697 241 620 
921 519 383 912 854 
922 870 246 763 601 
923 653 618 930 214 
924 628 778 274 944 
925 999 193 576 724 
926 654 319 891 950 
927 919 884 850 539 
928 765 530 842 574 
929 734 751 520 964 
930 464 491 657 869 
931 574 181 454 516 
932 998 499 664 593 
933 796 422 881 704 
934 506 797 740 311 
935 482 998 420 643 
936 420 321 918 959 
937 702 509 394 249 
938 719 370 271 934 
939 862 917 480 1000 
940 509 212 352 866 
941 489 316 206 619 
942 895 920 685 419 
943 594 210 828 935 
944 759 688 829 746 
945 995 856 828 461 
946 596 530 978 781 
947 295 735 567 324 
948 432 282 616 643 
949 221 746 676 434 
950 435 994 961 721 
951 956 310 845 
952 993 861 897 451 
953 985 307 970 382 
954 314 745 802 977 
955 807 376 576 261 
956 253 779 364 975 
957 602 214 251 850 
958 527 947 580 710 
959 573 559 451 327 
960 974 341 349 476 
961 791 854 914 541 
962 508 536 922 866 
963 981 448 232 249 
964 191 979 652 509 
965 685 329 523 
966 325 185 345 537 
967 544 717 764 308 
968 903 348 813 491 
969 598 773 216 794 
970 857 678 821 963 
971 685 202 413 475 
972 418 286 403 564 
973 723 190 832 601 
974 844 541 680 888 
975 937 832 600 226 
976 192 274 830 984 
977 244 787 916 577 
978 618 761 758 943 
979 220 
980 698 384 808 967 
981 533 689 747 163 
982 950 638 849 903 
983 632 556 787 998 
984 322 603 669 979 
985 200 602 620 599 
986 401 305 504 341 
987 626 526 391 424 
988 260 361 953 916 
989 744 880 418 991 
990 754 907 916 815 
991 770 975 798 
992 374 949 241 298 
993 500 943 669 672 
994 422 937 637 588 
995 670 269 515 609 
996 529 624 635 457 
997 416 591 695 790 
998 626 502 622 862 
999 277 188 696 790 
1000 774 718 936 666 
