1 3 8 11 10 
2 1 12 5 11 
3 6 12 1 13 
4 9 14 2 12 
5 7 8 12 2 
6 17 7 10 5 
7 14 21 17 10 
8 20 23 9 2 
9 13 14 20 22 
10 28 11 18 16 
11 25 26 32 2 
12 9 3 16 22 
13 4 36 31 15 
14 34 4 30 21 
15 28 6 5 40 
16 27 17 32 6 
17 47 6 22 15 
18 11 26 34 37 
19 44 9 23 39 
20 7 22 18 24 
21 24 49 66 16 
22 49 35 7 8 
23 56 33 67 59 
24 63 36 46 72 
25 48 17 24 41 
26 56 15 21 25 
27 71 75 19 45 
28 45 79 82 58 
29 61 52 42 49 
30 51 31 68 71 
31 44 20 13 93 
32 18 80 64 16 
33 52 30 82 40 
34 49 91 38 23 
35 14 59 92 104 
36 26 101 65 67 
37 106 105 45 73 
38 46 66 83 43 
39 13 97 109 87 
40 66 118 25 77 
41 89 83 15 105 
42 116 123 95 35 
43 100 89 40 105 
44 27 74 41 37 
45 54 136 85 31 
46 107 64 76 32 
47 18 110 138 85 
48 138 140 56 77 
49 58 133 31 119 
50 117 134 55 53 
51 127 46 84 75 
52 69 48 92 53 
53 87 57 35 69 
54 103 19 87 44 
55 56 123 29 70 
56 30 36 59 162 
57 53 42 20 131 
58 161 112 159 51 
59 86 126 40 21 
60 166 158 187 47 
61 134 79 101 119 
62 72 146 87 29 
63 57 43 122 144 
64 70 145 191 67 
65 28 93 139 113 
66 167 28 25 33 
67 83 190 84 94 
68 99 180 86 133 
69 182 207 125 97 
70 108 174 139 132 
71 70 33 26 60 
72 27 165 55 99 
73 135 44 226 50 
74 164 186 86 179 
75 138 101 233 181 
76 210 131 37 79 
77 33 199 180 39 
78 125 94 98 54 
79 206 58 39 74 
80 177 90 234 157 
81 80 60 168 121 
82 246 194 174 231 
83 42 153 73 27 
84 34 42 155 118 
85 32 228 132 94 
86 190 157 135 128 
87 159 38 162 129 
88 38 153 203 264 
89 76 145 64 75 
90 235 88 93 102 
91 140 248 129 278 
92 245 37 177 109 
93 67 177 269 221 
94 115 109 64 128 
95 144 149 94 214 
96 39 69 97 50 
97 84 72 169 242 
98 239 54 55 233 
99 202 200 138 43 
100 267 212 78 137 
101 284 207 143 62 
102 176 45 218 256 
103 320 76 122 266 
104 134 183 34 182 
105 161 35 130 217 
106 118 112 245 115 
107 240 124 120 73 
108 53 179 218 58 
109 162 276 224 108 
110 261 247 102 90 
111 340 236 153 173 
112 111 330 46 198 
113 169 149 126 48 
114 156 196 331 52 
115 201 259 251 240 
116 157 107 271 224 
117 317 41 229 194 
118 54 160 114 184 
119 124 210 176 240 
120 61 145 196 345 
121 355 336 283 103 
122 106 128 286 265 
123 41 368 204 112 
124 331 217 105 47 
125 83 359 258 241 
126 163 381 110 96 
127 175 117 213 129 
128 331 59 114 256 
129 70 191 327 85 
130 266 95 320 195 
131 147 342 369 100 
132 387 242 260 286 
133 205 73 176 63 
134 77 338 174 79 
135 420 398 348 130 
136 265 326 65 63 
137 148 50 411 243 
138 142 257 351 128 
139 356 88 116 256 
140 52 92 133 178 
141 311 152 166 251 
142 380 367 61 244 
143 321 187 111 48 
144 244 377 438 360 
145 74 88 395 343 
146 435 353 114 282 
147 302 401 154 75 
148 193 382 324 229 
149 135 423 146 182 
150 72 99 61 354 
151 365 126 115 111 
152 371 69 112 143 
153 175 232 60 443 
154 298 295 296 168 
155 446 203 287 359 
156 418 183 372 220 
157 410 283 237 155 
158 80 401 494 358 
159 361 179 389 136 
160 469 127 373 450 
161 118 387 98 78 
162 109 457 374 336 
163 185 78 437 386 
164 74 136 113 322 
165 298 206 474 478 
166 355 60 232 334 
167 316 90 437 212 
168 527 126 512 90 
169 148 117 521 308 
170 403 245 219 208 
171 265 517 55 534 
172 302 276 271 327 
173 57 242 538 218 
174 135 504 139 89 
175 398 205 127 407 
176 552 119 335 398 
177 533 431 542 223 
178 211 274 309 359 
179 279 99 246 164 
180 290 104 493 241 
181 429 255 259 487 
182 103 463 393 165 
183 156 433 166 558 
184 175 156 188 534 
185 368 62 77 272 
186 78 68 62 98 
187 250 68 578 123 
188 144 407 244 294 
189 253 65 314 592 
190 210 291 528 350 
191 324 171 113 192 
192 433 86 319 183 
193 296 426 191 181 
194 421 199 158 252 
195 263 96 408 137 
196 120 598 313 95 
197 129 63 170 461 
198 219 155 529 209 
199 312 578 615 422 
200 414 511 465 88 
201 613 238 212 543 
202 632 564 494 279 
203 449 566 554 71 
204 417 142 629 172 
205 502 155 440 479 
206 66 414 424 100 
207 124 137 174 189 
208 307 405 602 308 
209 404 187 562 180 
210 76 180 583 597 
211 330 408 318 509 
212 455 596 95 295 
213 286 116 515 419 
214 453 222 371 441 
215 303 222 318 227 
216 268 71 556 85 
217 389 195 531 332 
218 305 151 559 169 
219 557 91 575 368 
220 96 141 532 212 
221 646 608 688 110 
222 151 602 198 471 
223 333 181 124 663 
224 640 602 403 415 
225 423 543 510 255 
226 522 548 526 619 
227 197 699 591 363 
228 171 262 121 685 
229 661 201 539 557 
230 249 471 192 81 
231 82 517 156 92 
232 144 80 617 110 
233 591 681 119 201 
234 268 525 254 415 
235 478 525 323 132 
236 374 314 122 454 
237 389 172 305 152 
238 213 519 710 152 
239 235 101 381 102 
240 436 219 545 474 
241 160 96 257 541 
242 549 463 472 147 
243 206 663 287 222 
244 548 637 505 165 
245 325 104 741 410 
246 607 179 648 542 
247 343 605 450 771 
248 374 425 722 464 
249 487 342 671 436 
250 630 235 168 567 
251 405 475 713 346 
252 121 241 505 399 
253 767 292 297 404 
254 523 590 697 451 
255 392 84 764 142 
256 440 715 559 784 
257 545 741 675 468 
258 423 677 259 589 
259 476 638 473 480 
260 553 625 120 415 
261 536 321 391 220 
262 204 125 778 768 
263 683 674 614 334 
264 277 698 208 617 
265 601 349 486 108 
266 759 426 669 418 
267 351 107 678 131 
268 513 787 484 805 
269 551 137 173 506 
270 620 735 483 692 
271 91 719 600 781 
272 468 821 658 428 
273 321 151 623 336 
274 801 744 275 480 
275 781 115 429 561 
276 330 200 826 724 
277 697 794 469 467 
278 633 714 564 639 
279 748 622 807 100 
280 498 745 146 679 
281 209 822 134 399 
282 499 318 91 163 
283 507 108 736 746 
284 773 120 829 186 
285 291 528 470 711 
286 336 167 776 577 
287 310 578 213 230 
288 696 889 328 836 
289 546 225 143 203 
290 196 147 223 908 
291 779 216 334 801 
292 829 198 228 884 
293 197 517 211 266 
294 304 538 747 228 
295 149 190 111 614 
296 895 808 151 141 
297 97 599 636 774 
298 133 662 236 106 
299 542 888 811 102 
300 783 657 897 497 
301 690 771 878 234 
302 857 127 216 588 
303 831 804 823 106 
304 228 185 881 579 
305 634 845 150 746 
306 379 598 923 281 
307 559 131 224 885 
308 866 202 434 379 
309 187 675 493 844 
310 533 594 851 866 
311 834 748 352 738 
312 140 453 121 861 
313 104 116 525 165 
314 103 547 798 943 
315 701 828 736 572 
316 520 819 745 392 
317 248 437 239 673 
318 143 425 347 558 
319 612 204 213 875 
320 396 291 693 208 
321 160 341 247 362 
322 505 169 975 812 
323 195 762 986 
324 687 532 132 602 
325 208 985 758 206 
326 448 141 117 306 
327 906 621 160 251 
328 587 114 263 845 
329 512 232 172 999 
330 761 490 845 404 
331 642 542 884 724 
332 446 901 777 107 
333 691 183 164 885 
334 397 532 885 198 
335 806 141 645 958 
336 411 263 414 370 
337 863 455 997 861 
338 913 438 408 458 
339 759 869 428 992 
340 669 732 557 166 
341 609 154 150 934 
342 170 292 171 646 
343 346 638 871 930 
344 161 496 147 721 
345 486 178 167 249 
346 456 113 657 391 
347 280 253 154 543 
348 560 975 982 918 
349 865 628 244 233 
350 382 508 509 288 
351 207 928 338 759 
352 272 451 731 264 
353 890 898 641 215 
354 916 886 940 774 
355 900 587 650 130 
356 252 862 489 718 
357 255 546 801 170 
358 892 601 798 577 
359 489 370 210 723 
360 537 292 858 178 
361 952 888 282 123 
362 150 719 941 795 
363 926 215 933 853 
364 535 196 606 737 
365 197 163 873 241 
366 879 717 184 522 
367 252 451 269 960 
368 674 247 650 767 
369 189 628 702 593 
370 236 754 686 167 
371 996 191 716 782 
372 282 582 312 751 
373 800 193 753 154 
374 297 448 705 140 
375 838 456 527 122 
376 584 797 214 914 
377 940 697 535 150 
378 177 139 472 984 
379 199 451 521 948 
380 979 360 536 972 
381 125 230 278 393 
382 987 647 543 385 
383 616 148 186 580 
384 692 837 750 145 
385 269 502 695 847 
386 680 691 871 858 
387 816 838 721 402 
388 957 735 843 652 
389 588 473 988 496 
390 722 163 675 840 
391 159 698 
392 965 796 449 173 
393 988 818 375 955 
394 552 724 836 921 
395 146 872 810 728 
396 723 315 474 807 
397 966 384 203 824 
398 904 684 687 579 
399 573 279 644 969 
400 284 758 912 462 
401 271 471 504 704 
402 734 418 637 849 
403 248 200 660 130 
404 964 958 459 830 
405 790 887 470 778 
406 170 891 967 704 
407 372 324 388 289 
408 175 142 687 996 
409 618 250 608 823 
410 878 577 158 530 
411 427 329 791 353 
412 998 848 172 231 
413 873 162 193 833 
414 726 378 188 479 
415 810 718 831 653 
416 769 740 396 961 
417 651 842 783 669 
418 393 158 281 433 
419 737 927 470 293 
420 186 917 199 358 
421 727 632 472 489 
422 594 935 343 931 
423 136 434 229 441 
424 944 489 776 659 
425 580 1000 674 355 
426 293 911 500 428 
427 859 239 351 626 
428 204 284 572 933 
429 940 977 581 594 
430 501 366 148 356 
431 420 189 704 806 
432 149 171 192 
433 267 991 968 983 
434 159 257 816 490 
435 844 253 632 641 
436 184 675 356 224 
437 592 875 603 785 
438 445 424 980 827 
439 272 300 948 994 
440 903 629 211 701 
441 613 901 943 989 
442 215 511 697 703 
443 629 799 778 432 
444 209 803 332 636 
445 571 970 372 810 
446 946 770 243 313 
447 431 301 968 417 
448 461 735 478 588 
449 188 350 763 367 
450 633 683 765 928 
451 573 753 740 468 
452 862 616 795 495 
453 850 363 226 854 
454 539 694 826 339 
455 740 896 249 860 
456 896 182 907 289 
457 368 833 194 668 
458 707 960 233 668 
459 173 942 802 153 
460 544 443 842 920 
461 152 731 323 975 
462 961 815 944 157 
463 504 307 589 561 
464 989 790 679 437 
465 394 590 411 473 
466 310 255 907 974 
467 273 462 631 736 
468 981 951 513 992 
469 668 258 655 744 
470 503 818 439 519 
471 559 192 701 654 
472 597 268 913 777 
473 354 536 882 902 
474 574 462 858 547 
475 797 276 499 250 
476 647 659 189 216 
477 254 504 798 274 
478 281 968 312 442 
479 442 221 692 467 
480 230 816 161 505 
481 630 927 984 492 
482 590 426 654 522 
483 820 369 786 291 
484 345 649 854 928 
485 587 322 835 891 
486 591 164 872 998 
487 190 595 323 656 
488 270 815 849 316 
489 634 773 377 357 
490 421 181 485 908 
491 569 752 452 863 
492 990 835 774 168 
493 446 813 740 435 
494 910 315 971 936 
495 479 703 670 816 
496 624 856 194 832 
497 329 893 300 761 
498 337 544 364 876 
499 668 808 978 468 
500 966 988 843 730 
501 509 666 622 809 
502 958 628 302 365 
503 375 982 306 264 
504 631 237 494 605 
505 834 429 950 419 
506 857 436 627 214 
507 767 617 568 567 
508 441 898 440 231 
509 785 573 685 627 
510 685 234 389 639 
511 413 287 952 764 
512 581 356 837 658 
513 422 739 176 390 
514 555 812 809 535 
515 463 262 545 412 
516 909 503 483 788 
517 914 293 709 890 
518 551 843 842 964 
519 560 274 760 868 
520 371 993 197 
521 988 531 237 650 
522 938 491 655 524 
523 783 662 511 202 
524 348 973 497 950 
525 681 957 311 493 
526 516 750 730 335 
527 294 770 185 893 
528 894 469 226 918 
529 600 972 333 906 
530 554 605 968 443 
531 205 641 958 917 
532 217 670 940 853 
533 310 245 847 185 
534 970 742 935 526 
535 604 449 869 974 
536 953 500 345 393 
537 376 248 214 555 
538 826 246 261 520 
539 994 892 965 659 
540 722 227 876 533 
541 520 755 378 747 
542 836 759 847 424 
543 708 616 830 502 
544 883 927 822 225 
545 380 817 498 260 
546 223 743 652 951 
547 824 361 499 464 
548 445 985 836 702 
549 782 567 812 992 
550 534 421 886 178 
551 961 445 610 
552 650 644 752 492 
553 188 647 424 880 
554 699 475 307 303 
555 563 620 899 211 
556 677 310 410 325 
557 814 969 903 476 
558 872 742 401 830 
559 353 641 966 
560 768 360 398 258 
561 833 413 734 457 
562 635 865 967 311 
563 260 806 506 282 
564 814 979 477 576 
565 655 234 292 659 
566 382 926 550 352 
567 250 710 660 585 
568 712 835 946 383 
569 974 921 321 848 
570 899 873 680 344 
571 271 514 615 193 
572 954 594 352 442 
573 803 471 439 793 
574 666 515 344 518 
575 991 379 654 651 
576 880 242 717 745 
577 370 854 538 340 
578 874 184 201 846 
579 829 225 665 577 
580 743 851 664 270 
581 400 644 376 733 
582 973 844 785 545 
583 808 272 220 529 
584 840 733 614 595 
585 524 664 953 934 
586 459 596 309 946 
587 480 335 216 219 
588 914 813 592 318 
589 319 903 430 917 
590 849 218 800 866 
591 483 706 582 621 
592 719 769 466 900 
593 797 840 821 949 
594 716 514 593 667 
595 984 769 901 751 
596 317 879 283 773 
597 909 712 845 749 
598 328 586 994 
599 290 710 776 583 
600 379 930 417 799 
601 989 243 904 
602 677 320 222 582 
603 711 993 939 832 
604 303 565 945 908 
605 999 737 678 200 
606 584 221 277 195 
607 383 372 267 612 
608 725 576 226 663 
609 215 460 937 384 
610 900 747 784 707 
611 229 895 780 520 
612 683 688 960 512 
613 586 367 412 394 
614 483 979 709 861 
615 491 478 699 413 
616 349 481 864 903 
617 792 349 768 
618 371 574 363 876 
619 672 205 491 422 
620 376 763 383 348 
621 708 705 440 
622 452 537 794 464 
623 362 755 680 967 
624 842 747 986 269 
625 435 884 811 763 
626 497 202 779 236 
627 395 827 672 828 
628 347 420 501 541 
629 416 217 238 713 
630 488 338 207 315 
631 782 625 760 964 
632 442 728 734 746 
633 429 916 324 550 
634 661 777 454 570 
635 616 750 562 209 
636 860 956 742 870 
637 798 346 865 792 
638 620 871 341 978 
639 834 441 279 422 
640 447 825 409 722 
641 820 316 750 788 
642 856 703 603 920 
643 458 380 225 571 
644 814 420 611 299 
645 882 803 991 630 
646 788 889 824 568 
647 702 907 307 582 
648 825 982 809 351 
649 220 633 578 249 
650 418 227 775 984 
651 978 481 753 396 
652 448 955 301 407 
653 358 231 688 369 
654 251 362 364 407 
655 562 694 951 796 
656 230 238 896 818 
657 902 686 868 748 
658 910 920 223 929 
659 762 366 835 552 
660 696 500 907 326 
661 392 246 397 715 
662 575 897 895 713 
663 434 247 394 945 
664 374 846 794 474 
665 254 427 796 624 
666 938 530 528 270 
667 933 301 644 708 
668 499 919 611 732 
669 447 385 304 444 
670 642 329 498 717 
671 682 595 362 280 
672 804 892 521 262 
673 337 756 243 924 
674 227 460 776 596 
675 300 297 256 939 
676 765 821 404 987 
677 817 532 658 970 
678 998 887 828 666 
679 640 260 919 492 
680 661 977 401 693 
681 526 525 563 254 
682 638 911 765 712 
683 754 761 472 899 
684 322 762 757 639 
685 985 221 518 789 
686 948 985 642 724 
687 643 669 942 881 
688 503 539 744 910 
689 754 647 949 884 
690 570 852 487 660 
691 910 886 667 810 
692 855 253 600 850 
693 963 743 237 568 
694 403 623 728 595 
695 760 339 937 726 
696 325 515 605 806 
697 488 862 703 328 
698 576 612 891 258 
699 827 770 485 
700 691 386 252 601 
701 619 584 259 923 
702 690 340 436 922 
703 235 781 570 963 
704 239 466 339 338 
705 648 969 848 378 
706 805 890 714 548 
707 465 232 275 473 
708 935 754 349 450 
709 916 399 811 681 
710 470 716 580 275 
711 639 375 278 
712 932 555 906 700 
713 640 696 399 240 
714 263 664 885 428 
715 737 788 887 976 
716 645 467 838 485 
717 238 752 930 
718 551 382 268 897 
719 262 621 579 976 
720 877 357 547 460 
721 945 696 915 732 
722 597 935 706 400 
723 663 562 591 447 
724 815 622 957 877 
725 264 819 606 405 
726 343 556 855 296 
727 453 475 280 949 
728 996 579 653 484 
729 707 742 676 630 
730 366 925 439 339 
731 635 435 995 673 
732 589 757 945 825 
733 685 363 495 531 
734 430 560 695 277 
735 813 288 779 572 
736 841 889 799 959 
737 875 901 680 419 
738 717 822 444 715 
739 277 280 976 959 
740 325 553 872 780 
741 599 932 322 306 
742 454 973 394 609 
743 302 693 971 789 
744 517 760 414 1000 
745 397 837 869 986 
746 384 593 684 915 
747 303 380 388 712 
748 660 851 904 546 
749 781 700 364 852 
750 273 610 285 849 
751 609 539 570 397 
752 883 528 959 718 
753 365 266 917 665 
754 516 467 918 392 
755 654 390 391 529 
756 922 580 983 427 
757 465 284 
758 800 929 667 273 
759 786 746 671 551 
760 766 563 916 946 
761 787 944 567 305 
762 941 858 972 314 
763 745 623 804 381 
764 384 801 922 623 
765 673 466 270 871 
766 995 540 954 846 
767 446 402 288 604 
768 257 827 868 682 
769 834 947 377 444 
770 853 503 873 334 
771 989 453 728 700 
772 448 626 932 686 
773 839 771 510 433 
774 295 283 391 799 
775 913 923 850 458 
776 278 642 571 589 
777 510 628 694 870 
778 599 824 516 694 
779 698 376 317 552 
780 387 939 513 690 
781 261 588 949 574 
782 905 276 864 285 
783 457 585 839 480 
784 883 541 608 979 
785 274 275 347 925 
786 952 648 416 309 
787 261 723 475 603 
788 523 513 867 412 
789 402 501 812 444 
790 536 507 311 360 
791 610 710 267 723 
792 541 882 645 565 
793 273 904 493 752 
794 976 549 859 466 
795 877 509 553 
796 575 604 609 484 
797 327 308 481 811 
798 905 529 934 
799 817 762 507 674 
800 817 381 477 624 
801 930 939 627 491 
802 294 765 821 455 
803 308 797 951 572 
804 695 427 671 476 
805 402 936 335 862 
806 625 911 373 540 
807 488 558 330 
808 555 294 838 476 
809 772 861 666 829 
810 689 672 830 820 
811 406 792 627 730 
812 787 687 530 
813 460 651 290 819 
814 841 366 300 388 
815 725 896 482 876 
816 672 756 947 538 
817 327 800 373 355 
818 640 569 494 831 
819 342 361 289 966 
820 299 604 840 607 
821 942 649 456 823 
822 795 914 870 738 
823 714 625 791 331 
824 621 265 676 637 
825 631 364 677 727 
826 953 794 285 725 
827 586 556 866 965 
828 438 487 566 875 
829 894 720 887 
830 369 571 766 802 
831 298 603 848 975 
832 527 406 
833 357 463 298 767 
834 519 354 965 581 
835 439 387 425 287 
836 782 645 807 909 
837 943 828 643 735 
838 793 725 772 465 
839 948 990 410 612 
840 288 631 731 613 
841 893 646 818 405 
842 902 546 350 837 
843 793 890 611 332 
844 309 792 313 831 
845 889 341 693 305 
846 1000 720 857 649 
847 912 484 585 990 
848 523 721 281 286 
849 874 601 709 730 
850 561 784 357 626 
851 864 511 455 556 
852 856 899 775 997 
853 924 600 883 874 
854 721 778 995 653 
855 749 607 839 495 
856 530 960 
857 996 635 430 657 
858 431 691 911 634 
859 312 682 326 423 
860 590 950 490 772 
861 688 486 400 924 
862 610 518 508 854 
863 342 563 533 796 
864 326 416 516 874 
865 481 938 615 888 
866 982 652 585 618 
867 526 932 863 852 
868 365 882 479 924 
869 772 689 761 409 
870 564 1000 755 344 
871 544 673 736 877 
872 780 738 718 689 
873 636 320 769 954 
874 770 564 931 894 
875 502 637 432 733 
876 711 714 643 956 
877 805 779 477 777 
878 860 681 358 755 
879 679 780 367 345 
880 802 934 881 751 
881 715 421 963 795 
882 636 793 775 751 
883 785 285 682 729 
884 920 573 383 898 
885 860 783 350 
886 771 301 508 485 
887 991 929 955 340 
888 954 438 561 928 
889 443 926 878 739 
890 971 766 333 757 
891 720 941 657 316 
892 789 713 923 922 
893 508 592 852 482 
894 926 667 977 295 
895 743 741 705 997 
896 386 656 705 328 
897 670 566 990 908 
898 664 856 987 495 
899 881 549 540 361 
900 690 575 450 804 
901 774 819 315 406 
902 540 299 296 
903 758 430 905 289 
904 548 865 385 557 
905 962 515 521 459 
906 646 807 727 586 
907 482 933 738 897 
908 290 506 329 569 
909 462 716 341 544 
910 624 658 496 656 
911 919 606 547 618 
912 593 825 749 670 
913 514 304 
914 452 893 895 352 
915 843 947 813 720 
916 377 699 846 524 
917 293 413 833 702 
918 689 527 648 964 
919 791 727 431 457 
920 977 390 403 805 
921 569 676 708 635 
922 952 921 936 554 
923 512 775 823 297 
924 566 386 832 626 
925 651 853 519 786 
926 925 763 941 992 
927 857 962 967 868 
928 354 565 506 706 
929 597 900 894 507 
930 649 826 918 971 
931 679 950 452 987 
932 832 786 684 957 
933 980 550 912 395 
934 886 847 299 619 
935 419 411 
936 983 388 863 931 
937 790 851 919 956 
938 719 684 692 
939 936 332 974 
940 878 980 704 937 
941 482 731 497 867 
942 619 633 925 802 
943 879 665 454 581 
944 534 400 726 638 
945 912 870 790 449 
946 973 766 880 661 
947 820 915 554 501 
948 461 898 409 531 
949 993 522 855 359 
950 962 993 632 734 
951 319 306 764 961 
952 753 416 789 744 
953 652 565 656 662 
954 396 944 869 304 
955 814 614 395 459 
956 729 314 445 756 
957 447 523 655 643 
958 943 700 756 
959 415 537 417 606 
960 617 978 620 972 
961 408 891 385 787 
962 758 947 671 880 
963 412 587 905 701 
964 768 942 927 999 
965 921 665 867 373 
966 981 739 353 850 
967 938 981 535 348 
968 902 888 537 584 
969 524 560 346 574 
970 841 518 822 913 
971 749 698 706 344 
972 844 695 550 583 
973 809 707 732 841 
974 733 859 434 784 
975 615 477 390 929 
976 426 879 461 983 
977 969 741 576 962 
978 803 598 456 995 
979 931 622 959 711 
980 618 313 432 375 
981 757 599 469 337 
982 997 764 653 425 
983 568 986 994 729 
984 791 613 686 855 
985 683 611 406 464 
986 739 915 347 498 
987 678 549 488 808 
988 486 662 317 998 
989 608 370 892 867 
990 937 999 492 458 
991 333 490 709 839 
992 319 558 909 607 
993 981 432 773 583 
994 859 748 726 409 
995 378 729 553 815 
996 514 496 953 678 
997 963 596 864 906 
998 598 629 500 337 
999 510 634 956 970 
1000 676 980 955 323 
